0 16 20 0 1 1 0 1 1 0 0 0 1 1 0 0 1 0 0 2 0 1 1 
0 18 20 0 0 0 1 1 1 1 1 1 0 1 0 0 0 0 0 1 0 2 0 
1 4 2 0 1 2 1 2 0 0 1 0 1 0 1 1 1 1 0 1 1 1 1 
1 19 16 1 0 0 0 0 0 0 0 0 0 1 1 0 0 0 0 2 0 0 2 
1 1 18 1 2 0 0 1 1 0 0 0 1 0 1 1 0 0 0 1 1 2 0 
1 14 10 1 1 0 1 0 1 1 0 1 0 2 1 1 0 2 0 0 0 0 1 
0 20 5 1 0 1 0 0 2 0 1 0 1 1 0 1 1 0 0 0 1 0 0 
0 15 20 0 0 0 0 0 0 0 0 0 0 0 1 0 1 1 2 0 1 1 1 
1 20 20 0 0 0 1 0 0 0 0 0 1 0 0 0 1 1 0 0 0 1 1 
1 17 11 0 0 0 1 1 0 1 0 1 0 0 2 0 1 0 0 0 2 0 0 
1 17 5 0 1 0 0 0 2 1 0 0 1 0 0 0 0 1 0 1 2 0 0 
1 10 9 0 1 1 1 0 0 1 1 0 2 2 1 0 0 0 0 1 0 1 0 
1 14 17 0 0 1 1 0 1 1 1 0 0 0 0 1 1 2 1 0 2 0 0 
0 20 0 2 1 0 1 1 1 1 0 0 0 1 1 1 1 1 1 0 0 1 1 
1 18 8 1 1 0 1 0 0 0 1 2 1 0 1 0 0 0 0 1 1 2 0 
0 18 20 1 0 1 0 1 0 0 0 1 0 0 1 1 0 1 1 0 1 2 1 
1 14 6 1 1 1 1 1 0 2 0 1 0 0 0 1 0 2 1 1 0 0 1 
0 12 20 1 0 0 0 1 0 0 1 0 0 0 0 2 1 1 0 0 1 1 0 
1 4 1 0 2 1 1 2 1 1 0 0 1 1 1 1 1 0 0 1 1 1 1 
1 1 17 1 2 0 0 0 0 1 0 1 1 1 1 0 0 0 1 0 2 1 0 
0 20 2 1 0 2 1 1 0 1 0 0 1 0 0 1 1 0 1 0 1 1 1 
0 20 4 0 0 1 1 2 0 0 0 1 0 1 0 1 0 0 0 0 1 0 1 
0 12 20 1 0 0 1 1 1 0 1 0 0 0 1 2 1 1 1 0 1 1 1 
0 14 20 1 1 0 1 0 0 0 1 0 1 0 1 1 0 2 1 0 0 1 1 
0 20 19 0 1 1 0 1 1 0 0 1 0 0 1 1 0 1 0 1 1 1 2 
1 6 4 0 0 1 0 2 1 2 0 1 0 0 0 1 0 0 0 1 1 0 0 
0 3 20 0 1 0 2 1 1 1 0 1 1 1 1 0 0 1 1 0 0 0 0 
0 20 7 0 0 1 1 1 0 0 2 0 0 1 1 1 1 0 1 1 0 1 0 
1 14 3 0 1 1 2 0 0 0 0 1 1 1 1 0 0 2 0 1 0 0 1 
1 17 2 1 0 2 1 1 1 1 1 0 0 1 0 1 1 1 0 0 2 1 1 
1 17 19 0 0 0 1 0 0 1 1 0 0 0 1 0 0 0 1 0 2 1 2 
1 1 10 1 2 0 1 0 0 1 0 0 1 2 1 1 0 0 1 0 1 0 1 
1 3 14 0 0 1 2 1 1 1 0 0 0 0 1 0 1 2 1 0 0 0 0 
0 4 20 1 1 1 1 2 1 1 1 0 0 1 0 1 0 1 1 0 0 0 1 
1 11 2 1 0 2 1 0 0 1 0 1 0 1 2 1 1 0 0 0 1 1 1 
0 8 20 0 1 1 0 1 0 0 1 2 1 0 1 0 1 1 0 0 0 0 1 
1 16 15 0 0 1 1 1 0 0 0 0 0 0 0 0 0 1 2 2 0 0 1 
0 19 20 1 0 0 1 0 1 0 0 0 0 0 1 0 1 1 0 1 1 1 2 
0 20 12 0 1 1 1 1 0 0 0 1 0 0 0 2 0 1 0 0 1 0 1 
1 7 18 0 1 1 1 0 0 0 2 1 0 1 1 1 0 1 1 1 0 2 1 
0 20 2 0 1 2 1 1 1 1 1 0 0 1 0 1 1 0 1 0 0 0 0 
0 20 4 1 0 0 0 2 0 0 1 0 1 1 1 1 1 1 0 1 0 0 0 
1 16 2 0 1 2 1 0 1 1 0 0 0 0 1 0 1 0 1 2 1 1 1 
1 14 11 1 0 1 0 0 0 0 0 0 0 1 2 1 0 2 0 0 0 1 1 
1 9 4 1 1 1 0 2 0 0 0 1 2 1 0 0 0 0 1 1 1 0 1 
1 7 2 0 1 2 1 1 1 1 2 1 1 1 0 0 0 0 1 1 0 1 0 
0 20 8 1 0 0 0 0 1 1 1 2 0 1 0 0 0 1 1 0 1 1 0 
1 14 18 1 1 1 0 1 1 0 1 1 1 0 1 0 1 2 1 0 1 2 0 
1 15 16 1 1 1 0 0 0 1 1 1 0 0 0 1 1 0 2 2 0 1 0 
0 20 12 0 0 1 0 0 0 0 0 1 0 0 1 2 0 0 0 1 1 0 0 
1 20 20 1 0 0 0 1 1 0 0 1 0 1 0 0 1 0 0 0 0 1 1 
1 12 19 1 0 1 1 1 0 1 0 1 0 0 0 2 0 0 1 1 1 0 2 
1 20 20 1 1 1 0 1 1 1 1 0 0 0 1 0 0 1 1 0 0 1 1 
1 8 2 0 1 2 0 0 1 1 0 2 0 1 1 1 0 0 0 1 1 0 1 
1 2 16 1 0 2 1 1 0 1 0 1 0 0 1 1 0 0 0 2 1 1 1 
1 1 13 1 2 1 1 1 0 0 1 1 0 1 1 1 2 1 0 0 0 1 1 
1 16 13 1 1 1 0 0 1 1 0 1 0 0 1 0 2 0 0 2 1 0 0 
1 0 5 2 0 0 0 1 2 1 1 0 1 1 1 1 0 1 0 0 1 0 0 
1 20 20 0 1 1 1 1 0 1 0 1 1 0 1 0 0 0 0 0 0 1 1 
1 3 10 1 1 1 2 1 1 0 1 0 1 2 1 0 1 0 1 1 1 1 0 
1 18 17 1 0 1 0 1 1 1 0 0 1 1 1 0 0 0 0 0 2 2 0 
0 10 20 1 0 0 0 1 1 1 0 1 0 2 1 0 0 0 1 1 0 0 0 
1 18 1 0 2 0 1 0 0 0 0 1 1 1 1 0 1 0 1 1 0 2 0 
0 11 20 0 1 1 1 0 1 0 1 1 0 0 2 1 1 0 0 0 0 0 1 
1 5 13 1 1 0 0 0 2 1 0 0 0 1 1 1 2 1 1 0 0 0 1 
0 20 17 0 0 0 1 0 1 0 0 1 0 1 0 1 0 0 1 0 2 1 0 
1 10 14 0 0 0 1 1 0 1 1 0 1 2 1 0 0 2 1 0 0 0 1 
0 14 20 0 0 1 0 1 1 0 0 1 1 0 1 0 0 2 1 1 0 1 1 
1 0 17 2 0 0 1 0 1 1 0 0 0 1 0 0 1 1 0 1 2 0 1 
1 16 9 0 1 1 1 0 0 0 1 1 2 1 1 1 0 0 1 2 0 0 0 
0 20 13 0 1 1 0 0 1 0 1 1 1 0 1 1 2 1 0 0 0 1 1 
1 16 2 1 1 2 1 1 1 0 0 0 0 1 0 0 1 0 0 2 1 0 0 
1 7 5 0 0 1 0 0 2 1 2 0 0 1 1 1 0 0 0 0 0 0 0 
0 4 20 1 1 1 0 2 0 1 1 0 1 1 0 1 1 1 1 1 0 0 1 
0 17 20 1 0 0 1 0 0 1 1 0 1 1 1 1 0 1 0 1 2 0 0 
1 5 6 0 0 1 1 1 2 2 1 0 1 0 1 0 1 1 1 0 1 1 1 
1 4 0 2 0 0 1 2 1 1 0 1 0 1 0 1 0 0 1 0 1 1 0 
1 11 17 0 1 1 0 0 1 0 0 0 0 1 2 0 1 1 1 1 2 1 0 
0 20 16 1 1 0 1 0 1 0 1 0 1 0 0 1 0 0 0 2 1 1 0 
0 7 20 0 1 1 1 1 1 1 2 0 0 0 1 0 1 1 0 1 1 1 1 
1 9 16 0 0 1 0 1 0 1 0 1 2 0 0 1 1 1 0 2 1 1 1 
1 7 8 0 0 1 1 0 1 1 2 2 0 1 0 1 0 1 1 1 1 1 0 
1 20 20 0 1 0 0 1 1 1 0 1 1 0 1 1 0 0 0 1 0 1 0 
0 20 4 0 1 0 0 2 0 0 1 0 0 0 0 1 1 0 0 1 1 1 1 
0 20 19 0 0 1 1 1 1 0 1 0 0 0 1 0 0 0 1 1 0 1 2 
1 15 3 1 0 0 2 1 1 0 0 0 0 0 0 1 1 1 2 1 1 1 0 
0 20 16 1 0 0 0 0 0 1 0 0 1 0 0 0 1 0 0 2 0 1 1 
1 12 0 2 1 0 0 1 1 0 0 1 1 1 0 2 1 1 0 1 1 1 0 
0 8 20 1 1 1 1 1 0 1 1 2 1 0 1 1 1 1 1 1 0 0 0 
1 20 20 0 1 1 1 0 0 0 0 1 1 1 0 1 1 1 1 0 1 1 1 
1 4 19 0 1 0 1 2 1 1 0 1 1 0 0 0 1 1 1 1 1 1 2 
1 2 14 0 0 2 0 1 1 1 0 0 0 1 1 0 1 2 1 1 0 1 1 
0 20 8 0 1 1 0 0 0 1 0 2 1 1 0 0 0 0 1 1 0 0 0 
0 4 20 0 1 1 0 2 0 1 0 1 0 1 1 0 1 1 0 0 1 1 1 
1 2 13 0 0 2 1 1 1 1 1 1 0 1 1 1 2 1 0 1 0 1 1 
1 3 14 0 0 0 2 1 1 0 1 1 0 0 1 1 1 2 0 0 1 1 0 
1 18 5 1 1 1 1 1 2 0 1 0 1 0 1 0 0 0 1 1 1 2 0 
1 9 12 0 0 0 1 0 0 0 1 0 2 1 0 2 0 1 0 0 0 1 1 
1 12 6 1 0 0 0 1 0 2 0 1 1 0 0 2 1 0 1 0 1 1 1 
1 18 10 1 0 0 0 0 0 0 0 0 1 2 1 0 1 0 0 0 0 2 0 
1 19 12 1 0 1 1 1 1 1 0 0 0 0 1 2 1 1 1 1 1 0 2 
0 20 6 1 1 0 1 0 0 2 1 1 1 1 1 0 0 0 1 0 0 0 1 
1 12 17 1 1 0 1 0 0 1 0 0 0 1 1 2 1 0 0 0 2 1 0 
0 20 1 1 2 0 0 1 0 1 0 1 1 1 0 1 0 1 0 1 0 0 1 
1 4 1 0 2 0 1 2 1 1 0 0 1 1 1 0 1 1 0 0 1 0 0 
1 15 2 0 0 2 1 0 0 0 0 1 0 0 1 1 1 0 2 0 0 1 0 
0 14 20 1 0 1 1 1 0 0 0 0 0 1 1 1 1 2 1 0 1 1 1 
0 13 20 0 1 1 0 1 0 1 1 0 0 1 0 0 2 0 0 0 0 1 1 
0 20 3 0 1 0 2 1 1 0 0 1 1 0 0 0 1 0 1 1 0 0 0 
1 0 3 2 1 1 2 0 0 1 1 1 1 0 0 0 0 0 0 1 0 0 0 
1 1 19 0 2 1 1 1 0 0 1 0 1 0 0 0 1 0 0 1 0 1 2 
0 16 20 0 0 1 1 0 0 0 0 1 0 0 0 1 0 0 0 2 0 1 1 
0 3 20 1 1 1 2 1 0 1 0 1 0 1 0 1 1 0 0 0 0 0 1 
1 1 8 0 2 0 1 1 0 0 1 2 0 0 0 0 1 0 1 0 1 0 1 
0 16 20 1 1 0 1 1 1 1 1 1 0 1 1 0 0 1 1 2 0 1 0 
1 20 20 0 1 1 1 1 1 1 0 1 0 1 1 1 1 0 1 1 0 0 0 
1 16 8 1 0 0 0 0 0 1 1 2 1 1 0 0 1 0 1 2 1 0 0 
0 20 5 1 0 0 0 1 2 0 0 0 0 1 0 1 0 0 0 1 1 1 0 
1 16 11 1 1 1 1 1 1 0 1 1 1 0 2 1 0 1 0 2 0 0 0 
1 6 14 1 0 1 1 1 0 2 0 1 1 1 0 0 0 2 0 0 0 0 0 
1 11 16 0 1 0 0 1 0 0 0 1 1 1 2 0 0 0 1 2 1 0 0 
1 8 16 0 0 1 0 0 1 0 1 2 1 0 1 1 1 1 1 2 1 0 1 
1 0 11 2 1 0 0 0 0 0 1 0 0 0 2 0 1 0 1 1 1 1 1 
1 20 20 0 1 1 0 0 0 0 0 0 1 1 1 0 0 1 0 0 0 0 1 
0 20 9 1 0 0 0 0 1 1 0 1 2 0 1 1 0 0 0 1 1 1 1 
0 12 20 1 1 1 0 0 0 0 0 1 1 1 1 2 0 1 0 0 1 1 1 
0 7 20 0 0 1 0 1 0 1 2 0 0 0 1 1 1 0 1 1 1 0 0 
0 20 10 0 1 0 0 0 1 0 0 0 1 2 1 0 1 0 0 0 0 1 1 
1 19 10 1 1 1 0 1 0 0 0 1 0 2 0 1 1 0 1 0 0 0 2 
1 11 12 0 0 0 1 1 1 0 0 1 0 1 2 2 0 0 1 0 0 1 1 
1 16 5 0 1 0 1 0 2 1 0 1 1 0 1 1 0 0 1 2 1 0 0 
0 20 10 0 0 1 1 1 0 0 0 0 0 2 1 1 0 1 1 0 1 0 0 
1 5 18 0 1 0 0 0 2 1 1 1 0 1 0 1 0 0 1 0 0 2 1 
0 20 3 0 0 1 2 1 0 1 0 0 0 0 0 1 1 1 0 1 1 1 1 
0 20 1 1 2 0 1 1 1 0 0 1 1 1 0 1 0 0 1 1 0 1 1 
0 20 17 0 1 0 0 1 0 1 1 1 0 0 1 0 0 0 0 1 2 0 1 
1 20 20 0 0 0 0 0 1 1 1 1 0 1 1 0 1 1 0 0 1 0 1 
0 20 16 1 1 1 0 1 1 0 0 0 1 1 1 0 0 0 1 2 1 1 1 
1 13 14 1 1 1 1 1 1 0 1 1 1 0 1 0 2 2 1 1 0 1 0 
0 11 20 1 1 0 1 1 1 0 0 1 0 1 2 1 0 0 0 0 1 1 1 
0 20 9 0 1 0 1 0 0 0 1 1 2 0 0 1 0 1 0 1 0 0 0 
1 11 7 0 0 0 0 0 0 0 2 1 0 0 2 1 1 1 0 1 0 1 0 
0 20 6 0 0 1 0 0 0 2 1 1 0 0 1 1 1 1 1 0 0 1 1 
0 20 5 0 0 1 1 0 2 0 1 1 0 0 1 1 1 1 0 0 0 1 1 
1 14 16 1 0 1 1 1 0 0 0 1 1 1 1 0 1 2 1 2 1 1 1 
1 16 2 0 0 2 0 0 1 1 1 0 0 0 0 1 1 0 0 2 0 1 1 
1 14 3 0 1 0 2 0 1 1 1 0 1 1 1 1 1 2 0 1 0 0 1 
0 14 20 0 1 1 0 0 0 1 1 0 0 0 1 1 0 2 0 0 0 1 1 
0 3 20 1 0 1 2 0 0 0 1 1 0 0 0 1 1 0 1 0 0 1 0 
0 2 20 1 1 2 0 0 0 0 0 1 1 0 1 0 0 0 0 0 1 1 1 
1 18 1 1 2 0 0 1 0 0 1 0 1 1 0 0 0 0 1 0 0 2 1 
0 10 20 0 0 1 1 0 0 1 0 0 1 2 0 0 1 0 0 1 0 1 0 
1 16 19 0 1 1 1 0 1 1 1 1 0 1 0 1 1 1 1 2 0 0 2 
0 12 20 0 0 1 0 0 1 0 1 0 0 0 0 2 0 1 0 1 0 0 0 
1 17 10 0 0 0 1 1 0 1 1 0 1 2 1 1 0 0 1 0 2 1 1 
1 11 1 0 2 1 1 1 0 1 0 0 0 0 2 0 0 1 1 0 0 1 0 
0 18 20 1 1 1 0 1 1 0 1 0 1 0 0 1 0 1 1 0 0 2 1 
0 20 18 0 0 1 1 0 1 1 1 1 0 0 0 0 1 0 1 0 1 2 1 
0 0 20 2 1 0 1 0 1 0 1 1 1 1 0 1 0 1 0 1 0 0 1 
0 4 20 1 0 0 0 2 1 0 1 0 1 0 0 0 0 1 0 0 0 0 0 
1 9 1 1 2 0 0 0 1 1 1 0 2 1 0 0 0 0 0 1 1 0 0 
1 13 6 0 0 0 1 1 0 2 1 0 1 0 0 0 2 0 0 0 1 1 1 
0 19 20 1 1 1 0 0 1 0 0 0 1 0 0 1 0 0 1 0 1 0 2 
0 1 20 1 2 0 0 0 1 1 0 1 1 1 0 1 0 0 0 1 0 0 0 
1 9 11 1 0 1 0 1 0 1 0 0 2 1 2 1 0 1 1 1 1 0 1 
1 13 16 0 1 0 1 1 1 1 0 1 0 0 0 1 2 0 0 2 1 1 0 
0 20 5 1 0 1 1 1 2 1 1 1 0 1 0 0 1 0 0 0 1 0 1 
1 12 3 0 0 0 2 1 1 1 1 0 1 1 0 2 0 0 0 0 1 0 0 
0 0 20 2 0 1 1 1 0 1 0 1 1 1 0 1 1 0 1 1 0 0 0 
0 13 20 0 0 0 1 1 1 0 0 0 0 0 0 0 2 0 1 0 0 0 0 
0 20 6 0 0 1 1 1 0 2 1 0 1 1 1 0 0 0 1 0 1 0 1 
1 1 3 0 2 1 2 1 1 1 0 1 1 1 0 0 1 0 0 1 0 1 1 
0 20 17 0 0 0 0 0 1 1 0 0 0 0 0 0 1 0 1 1 2 1 0 
1 2 17 0 1 2 0 1 0 1 1 0 0 1 0 1 0 0 0 0 2 1 0 
1 8 7 0 1 0 1 1 1 0 2 2 1 1 0 0 0 0 1 1 1 1 0 
0 1 20 0 2 1 0 1 0 1 1 0 1 0 0 1 1 0 0 0 0 1 1 
1 2 19 1 0 2 0 1 1 1 1 1 1 1 0 0 1 1 1 0 1 0 2 
0 1 20 0 2 1 1 1 0 1 0 1 1 0 1 0 1 0 0 0 1 0 0 
1 12 17 1 1 1 1 0 0 0 0 1 1 0 0 2 0 0 0 1 2 1 0 
0 20 18 1 0 0 1 1 0 0 0 0 1 0 0 1 1 0 1 1 1 2 0 
1 9 6 0 1 1 0 0 0 2 1 1 2 1 1 1 0 0 1 1 1 0 1 
0 20 2 0 0 2 0 1 0 1 1 0 0 1 0 1 0 1 1 1 1 1 1 
0 20 7 1 1 1 1 1 0 0 2 1 0 1 0 1 0 0 0 0 1 0 0 
0 11 20 1 0 1 1 1 0 0 0 1 1 0 2 0 0 0 1 0 0 0 1 
0 7 20 0 0 1 0 0 1 0 2 0 1 1 1 1 0 0 0 1 0 1 1 
1 16 1 1 2 0 1 1 1 1 0 1 0 1 0 1 1 0 1 2 1 0 0 
1 11 3 0 0 1 2 0 0 1 1 0 1 1 2 1 1 1 0 1 1 1 0 
0 6 20 1 0 0 0 1 1 2 0 0 1 1 0 1 1 0 1 1 1 0 0 
0 13 20 1 1 0 1 1 0 1 1 0 1 0 0 1 2 0 0 0 1 1 0 
0 19 20 0 0 0 1 1 1 1 0 0 1 1 0 0 1 0 1 0 0 0 2 
0 4 20 1 1 0 1 2 0 0 1 0 1 1 1 0 0 0 1 1 0 0 0 
1 0 9 2 0 0 0 1 0 0 0 1 2 1 1 0 0 1 1 1 0 1 1 
1 15 11 0 1 0 1 1 0 0 1 0 0 0 2 0 1 0 2 0 1 1 1 
1 10 17 0 0 0 1 0 0 1 0 0 1 2 1 0 1 0 0 0 2 0 1 
0 15 20 1 1 0 1 1 0 1 0 1 1 0 1 0 1 0 2 0 0 1 0 
0 20 10 0 0 1 0 1 1 0 1 0 1 2 0 1 1 1 1 1 0 1 1 
1 12 8 1 0 1 0 0 0 1 0 2 0 1 1 2 1 0 1 1 0 0 0 
1 18 11 0 0 0 0 0 1 1 0 0 0 1 2 0 0 1 0 0 0 2 1 
1 11 0 2 1 0 0 0 0 1 1 0 1 1 2 1 1 1 1 1 0 0 1 
1 20 20 0 0 1 0 0 0 0 1 1 1 1 0 1 0 1 0 0 0 0 1 
1 7 5 1 1 1 0 0 2 1 2 1 1 1 0 1 0 0 1 1 0 0 1 
1 9 4 1 0 1 0 2 1 1 0 1 2 0 0 0 1 0 1 0 1 1 1 
0 20 6 1 1 0 1 1 0 2 0 1 0 0 0 0 0 1 0 1 1 1 1 
0 11 20 0 1 1 0 0 1 0 0 0 0 0 2 1 0 1 1 1 1 1 1 
1 19 5 0 1 1 0 1 2 0 1 1 0 1 1 1 0 0 1 0 0 1 2 
1 8 15 0 1 0 1 0 1 0 1 2 1 1 1 0 0 0 2 0 1 1 0 
1 15 9 0 1 1 1 0 0 0 0 1 2 1 1 1 1 1 2 1 0 1 1 
1 3 12 0 0 0 2 1 1 0 0 1 1 0 1 2 1 0 1 0 1 0 1 
1 4 16 0 1 0 0 2 0 1 1 1 0 1 1 0 1 1 1 2 1 1 0 
0 18 20 0 0 0 0 0 0 0 0 0 0 1 1 0 0 0 1 0 0 2 1 
1 15 19 1 0 1 0 0 1 1 0 0 0 1 0 1 0 0 2 0 0 0 2 
1 4 5 0 0 1 1 2 2 0 0 1 0 1 1 1 1 1 1 1 1 1 1 
1 17 1 1 2 1 1 0 0 1 0 1 1 0 0 0 0 0 0 1 2 0 0 
1 13 5 1 1 0 1 1 2 1 0 1 0 1 0 1 2 0 1 0 1 0 1 
0 20 13 1 0 0 0 0 0 0 1 1 1 0 0 1 2 1 1 1 0 1 1 
1 18 9 0 1 1 0 0 1 0 0 1 2 0 0 1 0 0 0 0 1 2 1 
0 20 13 1 1 0 1 1 0 0 0 0 0 0 1 1 2 1 0 0 0 1 1 
1 14 13 1 0 0 0 1 1 0 0 0 1 0 0 1 2 2 1 1 1 1 1 
1 14 18 1 0 0 0 1 1 1 1 0 0 0 1 1 0 2 1 1 1 2 1 
0 20 8 0 0 1 0 1 0 1 0 2 1 1 0 0 1 0 1 0 1 0 1 
1 13 0 2 0 1 1 0 0 0 0 0 1 0 1 1 2 0 0 1 0 0 1 
1 0 12 2 0 0 0 0 1 0 1 1 1 0 1 2 1 0 0 1 1 1 0 
1 20 20 0 1 1 0 0 1 0 1 1 0 0 1 0 0 0 1 1 0 0 1 
0 20 19 0 1 1 1 0 1 0 0 1 1 1 1 1 1 0 1 0 1 0 2 
1 7 2 1 1 2 1 0 1 1 2 1 0 1 1 0 0 0 1 1 1 0 1 
1 18 12 1 1 0 0 0 1 0 0 0 0 0 1 2 1 1 1 1 1 2 0 
0 17 20 0 0 1 0 1 0 1 1 1 0 1 0 1 0 0 0 0 2 1 1 
1 0 11 2 0 1 1 1 1 1 0 1 0 1 2 0 0 0 0 1 0 0 1 
1 14 0 2 0 1 1 1 0 1 1 1 1 0 1 0 0 2 0 1 0 1 1 
0 4 20 0 0 0 0 2 0 0 1 1 0 1 1 0 1 0 0 0 0 1 0 
1 20 20 0 0 1 0 0 0 0 1 0 0 1 0 1 1 0 1 1 0 1 0 
1 12 11 0 0 1 0 0 0 0 0 0 1 0 2 2 1 1 0 1 0 0 1 
1 1 14 1 2 1 0 0 0 1 0 1 1 1 1 1 1 2 1 1 0 0 1 
1 16 7 1 1 0 1 1 1 1 2 0 1 1 0 0 1 0 1 2 0 0 0 
0 3 20 1 0 1 2 0 0 1 1 0 0 0 1 1 1 0 0 1 1 1 1 
1 0 5 2 1 0 1 1 2 1 1 1 1 1 1 0 0 1 1 0 1 0 0 
1 15 18 1 0 0 1 0 0 0 1 1 1 0 0 1 0 0 2 1 1 2 0 
1 20 20 0 0 0 1 1 0 1 1 1 1 0 1 0 1 0 1 1 1 1 0 
1 0 1 2 2 1 1 0 1 0 1 0 1 1 0 1 0 0 1 0 1 1 0 
0 20 15 0 1 0 1 0 0 0 0 0 1 0 0 0 1 0 2 0 0 1 0 
1 19 2 0 1 2 0 1 1 0 0 1 1 0 1 0 1 0 0 0 0 1 2 
1 2 0 2 1 2 1 0 1 1 0 0 0 1 0 1 1 0 0 1 0 1 1 
1 9 7 1 0 1 1 1 1 1 2 1 2 0 0 0 0 0 1 1 0 1 1 
0 20 12 0 0 0 0 0 0 0 0 0 0 1 0 2 0 1 0 0 1 1 1 
0 2 20 1 0 2 0 0 0 1 0 1 1 1 0 0 0 0 1 1 1 1 1 
1 17 18 0 1 1 0 1 1 1 1 0 0 0 0 0 0 0 1 1 2 2 0 
1 12 11 0 1 1 0 1 1 0 0 1 1 0 2 2 0 1 1 0 1 0 1 
0 20 4 0 0 1 1 2 1 1 0 1 1 0 0 1 1 1 0 0 0 1 1 
1 14 10 0 1 1 0 0 1 1 1 1 0 2 1 1 0 2 0 1 1 1 1 
1 19 10 0 1 0 0 0 0 1 0 1 1 2 1 1 1 0 1 0 0 1 2 
1 20 20 0 0 1 0 1 0 0 0 1 0 0 0 1 0 0 0 0 1 0 1 
0 20 13 0 0 1 0 0 0 0 0 0 0 1 0 0 2 0 1 0 1 1 1 
1 7 14 0 0 0 0 1 1 1 2 1 0 1 0 0 1 2 0 0 0 1 1 
1 13 1 1 2 1 0 0 0 0 0 0 0 1 0 1 2 1 1 1 0 0 1 
0 16 20 1 1 0 0 1 0 0 1 0 0 1 0 0 1 1 0 2 1 1 1 
1 11 5 0 0 0 1 1 2 1 0 0 1 1 2 1 0 0 0 0 0 0 1 
1 11 12 1 0 1 1 1 1 0 1 0 1 1 2 2 1 0 1 0 1 1 1 
0 19 20 1 0 0 1 0 0 0 1 1 1 1 1 0 1 1 0 1 1 0 2 
1 8 7 0 0 0 1 1 0 1 2 2 1 0 0 1 0 0 0 1 0 0 0 
0 15 20 1 0 1 0 1 1 0 1 1 0 0 0 0 0 0 2 0 0 0 1 
1 13 19 0 0 0 0 0 0 1 1 1 1 1 1 1 2 0 0 0 1 1 2 
1 9 3 0 0 1 2 1 0 1 1 0 2 1 1 1 0 1 1 0 0 0 0 
0 0 20 2 1 0 1 0 0 0 1 0 0 0 0 1 0 1 0 1 1 0 1 
0 2 20 0 1 2 0 0 1 1 0 1 0 1 0 0 0 1 0 0 1 0 0 
1 20 20 1 0 0 0 1 0 0 0 0 1 1 0 0 0 0 1 1 1 1 1 
0 20 11 0 1 1 1 1 0 1 1 1 0 1 2 0 1 1 0 1 0 1 0 
1 2 17 1 1 2 0 0 0 1 1 0 1 1 0 0 0 1 0 0 2 1 0 
1 20 20 1 0 1 1 0 0 0 0 0 0 1 0 1 1 0 0 0 1 0 0 
0 9 20 0 0 0 0 1 0 1 1 1 2 0 1 1 0 1 0 0 0 0 1 
1 4 10 1 1 1 0 2 0 0 0 1 1 2 1 1 0 0 0 0 0 0 0 
0 16 20 0 1 0 1 0 0 1 1 1 1 1 0 0 1 1 0 2 0 1 1 
0 5 20 1 0 1 1 0 2 0 1 0 1 1 1 1 1 1 1 0 1 1 1 
1 18 6 0 0 0 1 1 1 2 1 1 0 0 0 1 0 1 0 1 0 2 1 
0 20 4 1 0 0 0 2 1 0 0 0 1 0 0 1 0 1 1 0 0 1 1 
0 11 20 1 0 1 0 0 1 1 1 1 0 1 2 0 1 1 0 0 0 1 0 
0 20 0 2 1 1 0 1 0 1 1 0 0 1 0 0 1 0 1 1 0 0 0 
1 4 0 2 0 1 0 2 1 1 1 1 1 1 0 1 1 0 0 1 1 0 0 
1 5 10 0 0 1 0 0 2 0 0 1 1 2 0 0 1 0 1 0 0 0 0 
0 20 6 1 1 1 0 0 0 2 1 1 1 1 0 0 1 1 1 0 0 0 1 
0 7 20 0 0 0 1 1 0 1 2 1 0 1 1 0 1 0 0 0 1 0 0 
1 20 20 0 1 1 1 1 0 1 1 1 1 0 0 0 1 1 1 0 1 1 1 
0 20 13 0 1 0 1 0 1 1 0 0 0 0 0 1 2 0 1 0 1 1 1 
0 20 7 1 0 0 0 0 1 1 2 0 0 0 1 0 0 1 0 0 1 1 0 
1 17 18 0 0 0 1 0 1 0 0 0 0 0 1 0 1 0 1 0 2 2 1 
0 20 6 1 0 1 1 1 0 2 0 0 1 1 0 0 0 0 1 1 0 0 0 
0 6 20 0 0 1 1 0 0 2 0 1 0 1 0 0 0 1 1 1 1 0 1 
1 20 20 0 1 0 1 1 0 1 0 1 1 1 0 0 0 0 0 1 0 0 1 
0 12 20 0 0 0 0 0 1 1 1 0 0 1 0 2 0 1 0 0 1 1 0 
0 20 3 0 0 0 2 0 1 0 0 1 0 1 0 0 0 1 1 0 0 0 1 
0 20 3 0 0 0 2 0 0 1 1 1 0 0 0 0 0 1 0 1 1 0 0 
1 5 16 1 0 1 0 0 2 0 1 0 1 0 1 1 1 1 0 2 1 1 1 
1 19 16 0 0 0 0 0 0 0 1 0 1 0 1 0 1 0 0 2 0 0 2 
1 9 17 1 1 1 1 0 0 1 0 0 2 1 1 1 1 1 1 1 2 0 1 
1 7 16 0 0 0 1 0 0 1 2 1 1 1 1 1 1 1 0 2 1 0 0 
0 20 13 1 0 1 0 0 1 1 1 1 1 1 1 0 2 1 1 0 0 0 0 
0 20 9 0 1 0 0 0 1 1 1 0 2 0 1 0 1 0 1 1 0 1 1 
0 16 20 1 1 1 1 1 0 1 0 0 1 1 0 1 0 1 1 2 1 0 0 
1 12 9 1 1 0 0 1 0 0 0 0 2 0 1 2 1 1 0 0 1 0 1 
0 7 20 0 0 1 1 0 0 0 2 0 1 0 1 1 1 1 1 1 0 0 0 
0 20 17 1 1 0 0 0 1 1 0 1 0 1 0 0 1 0 1 0 2 0 0 
1 8 12 1 1 0 0 1 1 0 1 2 0 1 1 2 1 1 1 1 1 0 0 
1 13 19 1 0 1 1 1 0 0 1 1 1 1 1 0 2 1 0 0 1 1 2 
1 3 13 0 0 0 2 1 1 1 1 1 0 1 1 0 2 1 0 0 1 1 0 
0 20 17 1 1 0 0 0 1 1 1 0 1 1 1 0 0 0 1 1 2 0 0 
0 20 19 0 0 1 0 1 1 0 1 1 0 0 1 0 0 1 1 0 0 1 2 
0 20 2 1 0 2 0 1 0 0 0 0 0 1 1 1 1 0 1 1 1 1 1 
0 20 13 1 0 1 0 1 1 0 0 0 1 0 1 1 2 1 0 1 1 0 1 
1 5 19 0 0 1 0 0 2 1 1 0 1 1 0 1 0 1 0 0 0 0 2 
0 20 14 1 0 0 1 1 0 0 1 1 0 0 1 0 1 2 1 1 0 1 1 
1 15 17 0 1 0 0 0 1 0 0 0 0 1 1 0 1 1 2 0 2 0 1 
1 10 2 0 1 2 0 1 1 1 0 0 1 2 0 0 1 0 0 0 0 0 1 
0 20 10 0 0 0 0 1 1 1 0 0 1 2 0 0 0 0 0 0 1 1 0 
0 20 13 1 1 1 1 0 0 1 0 1 0 1 1 1 2 1 1 1 0 0 0 
0 8 20 1 0 1 0 1 0 0 0 2 0 1 0 0 1 0 0 0 0 1 1 
1 16 14 0 0 0 0 1 0 0 1 1 0 1 1 1 1 2 0 2 1 0 1 
1 3 9 1 1 0 2 1 1 0 1 0 2 0 1 1 1 1 1 1 0 0 0 
1 7 16 1 0 0 0 1 0 1 2 1 0 1 1 0 1 1 0 2 0 1 0 
1 3 17 1 1 0 2 1 0 0 1 0 0 0 1 1 0 1 0 0 2 1 1 
0 20 16 0 0 1 1 1 1 1 1 0 0 1 0 0 1 0 1 2 0 0 1 
0 3 20 0 1 1 2 0 0 0 0 1 1 0 1 1 1 1 1 0 0 0 0 
1 9 0 2 1 1 1 1 0 0 1 0 2 0 1 1 1 0 0 0 0 1 1 
0 20 14 0 0 0 1 0 0 0 0 1 1 1 0 1 1 2 1 1 1 0 1 
0 20 18 0 1 1 0 1 0 0 1 1 0 1 1 1 1 0 1 0 1 2 1 
1 18 9 1 0 1 1 1 0 1 1 0 2 0 1 1 0 0 1 1 1 2 1 
1 7 10 0 1 1 1 0 1 0 2 1 1 2 1 1 1 1 1 0 1 0 1 
1 19 14 0 1 1 1 0 1 1 0 0 1 1 0 1 1 2 0 0 1 1 2 
0 20 3 0 0 1 2 1 1 1 0 1 1 0 1 1 1 0 0 0 0 1 1 
0 20 8 0 0 1 1 1 0 0 0 2 1 0 0 0 0 0 0 1 1 1 0 
0 19 20 0 0 0 1 1 1 1 0 1 1 1 1 0 1 1 1 1 0 1 2 
0 18 20 1 1 0 1 1 1 1 1 1 0 1 1 1 0 1 0 1 0 2 1 
1 4 2 0 1 2 0 2 0 1 0 1 1 1 1 1 1 0 0 1 0 1 0 
1 5 3 0 1 0 2 1 2 1 1 1 1 1 1 0 1 1 0 1 0 0 0 
0 16 20 1 0 1 0 0 0 1 0 1 0 0 0 1 0 0 0 2 1 0 0 
0 20 9 0 1 1 0 1 1 0 1 0 2 0 0 0 0 0 0 1 0 0 0 
0 20 13 1 0 0 1 1 0 0 1 1 1 0 0 1 2 1 1 0 0 0 0 
0 5 20 0 1 0 1 0 2 1 0 1 0 0 1 1 1 0 1 1 1 0 1 
1 4 6 1 1 1 0 2 1 2 1 1 0 1 1 0 0 1 0 1 0 1 1 
0 20 14 0 0 1 0 0 1 0 1 1 1 0 1 1 1 2 0 1 0 1 0 
0 20 16 1 1 0 1 0 0 0 1 1 0 0 0 1 1 0 1 2 1 0 0 
0 20 4 0 0 1 0 2 1 0 1 0 1 1 1 0 0 0 0 0 1 1 1 
0 20 4 1 1 0 0 2 1 1 1 0 1 1 1 1 0 1 0 0 0 1 0 
1 13 9 1 0 1 1 1 0 0 1 1 2 0 0 1 2 1 0 0 1 1 0 
1 17 19 0 0 0 0 1 0 1 1 0 1 0 1 1 0 1 0 1 2 1 2 
0 0 20 2 0 0 0 0 0 1 1 0 0 1 1 1 0 0 0 1 0 0 0 
1 10 11 0 0 1 1 1 0 0 1 0 0 2 2 1 0 1 0 1 0 0 1 
1 20 20 1 1 0 1 0 1 1 1 1 1 1 1 0 1 1 0 1 0 1 1 
1 10 6 0 1 0 0 0 1 2 1 1 1 2 1 0 0 1 1 0 1 1 1 
1 3 0 2 1 1 2 0 0 0 0 1 0 0 1 1 0 0 1 1 1 1 1 
0 18 20 0 1 0 1 1 0 1 1 1 0 0 0 1 1 0 1 1 0 2 0 
0 20 6 1 1 1 0 0 0 2 1 1 0 1 1 0 1 1 0 0 1 1 1 
1 13 5 1 0 1 1 1 2 0 0 1 0 0 0 1 2 1 0 0 1 0 0 
1 8 10 1 0 1 1 0 1 1 0 2 1 2 1 1 0 0 1 0 1 1 1 
0 13 20 1 1 1 1 1 1 1 1 0 1 1 1 0 2 1 0 0 1 1 1 
0 20 14 0 0 1 0 1 0 0 1 1 1 1 0 0 1 2 0 0 0 0 0 
0 20 8 1 0 0 0 0 0 1 0 2 1 0 1 1 1 0 1 1 1 1 0 
0 4 20 1 0 1 1 2 0 0 0 0 0 0 0 0 0 1 0 1 0 1 0 
1 7 19 1 1 1 0 1 1 0 2 0 0 1 1 1 1 0 0 0 0 0 2 
1 3 4 1 0 1 2 2 0 0 1 0 0 1 0 1 1 0 0 0 1 1 1 
1 18 4 1 0 1 1 2 0 1 1 0 0 1 1 1 0 0 0 1 0 2 0 
0 3 20 0 1 0 2 1 1 1 0 0 1 0 0 1 1 0 1 0 1 0 1 
0 14 20 0 1 0 1 0 0 1 0 0 0 0 1 0 1 2 1 0 1 1 1 
1 15 1 1 2 0 0 1 0 1 0 0 1 1 0 0 0 1 2 1 0 0 1 
1 8 18 0 0 0 1 1 1 0 0 2 0 0 1 0 0 0 1 1 1 2 0 
0 17 20 1 0 0 0 1 1 0 0 1 0 0 0 0 1 0 1 0 2 0 1 
1 19 12 1 0 1 0 0 1 1 1 1 1 0 0 2 0 0 0 0 0 0 2 
1 12 17 0 0 1 0 0 1 1 0 0 1 1 1 2 1 1 1 0 2 1 0 
1 12 5 0 0 0 0 0 2 0 0 1 0 1 0 2 1 0 0 1 1 0 0 
1 8 14 1 1 0 0 0 0 1 0 2 0 1 0 0 1 2 0 1 0 0 0 
0 14 20 0 1 0 1 0 1 1 1 0 1 0 0 0 0 2 1 0 0 0 1 
0 20 8 0 1 1 0 1 0 0 1 2 1 0 0 0 0 0 0 1 1 1 1 
1 9 8 1 1 0 0 0 1 0 1 2 2 1 1 1 0 0 1 1 0 0 0 
0 18 20 1 0 1 0 1 0 0 0 1 0 0 1 0 1 0 0 0 1 2 0 
0 19 20 0 0 1 0 0 1 0 1 1 1 0 1 1 0 1 1 0 0 0 2 
1 6 13 1 1 1 1 0 0 2 1 1 1 0 0 1 2 0 1 0 1 0 0 
0 0 20 2 0 0 0 1 1 1 0 1 0 1 1 1 1 0 1 1 1 0 0 
1 16 8 1 0 1 0 0 0 0 1 2 1 0 0 1 1 1 1 2 0 0 0 
1 4 7 0 1 1 1 2 0 0 2 1 1 1 1 0 1 0 1 0 1 0 1 
1 14 5 1 1 1 0 0 2 0 0 1 1 0 0 0 1 2 0 0 1 0 1 
1 19 8 1 1 0 1 0 0 0 0 2 1 1 1 0 1 1 0 1 0 1 2 
1 16 6 1 1 1 1 1 0 2 1 1 0 0 0 1 0 1 0 2 0 0 0 
0 20 12 0 0 1 1 1 0 1 1 1 0 1 0 2 1 0 1 0 0 0 0 
1 8 0 2 1 0 1 1 1 0 0 2 0 1 0 1 0 0 0 1 1 0 0 
0 19 20 0 1 1 1 1 0 0 1 1 0 1 1 1 1 0 0 1 0 1 2 
0 20 14 0 0 1 0 1 1 1 0 0 0 0 1 1 1 2 1 1 0 0 0 
1 13 10 0 1 1 1 0 0 1 0 1 0 2 1 0 2 0 1 1 0 1 0 
0 20 8 1 1 0 1 1 1 0 0 2 0 1 0 1 0 1 0 1 1 1 0 
0 20 8 1 0 0 0 1 0 0 0 2 0 0 1 1 1 0 1 1 0 0 0 
0 20 9 1 1 1 1 1 1 0 1 1 2 1 1 0 1 1 1 0 0 0 1 
0 10 20 1 0 1 1 1 1 0 1 1 0 2 1 1 0 1 1 1 0 1 1 
1 15 17 0 0 1 1 1 1 1 0 1 1 0 0 0 0 0 2 0 2 1 1 
1 6 10 0 0 0 1 0 1 2 1 0 1 2 0 1 1 1 1 0 1 1 1 
0 20 14 0 0 0 0 0 1 0 0 0 1 0 1 1 1 2 1 1 0 0 1 
0 20 7 0 0 0 1 0 0 0 2 1 0 1 0 0 1 0 0 1 0 0 0 
1 16 9 0 0 0 0 0 1 0 1 0 2 1 1 0 0 1 0 2 0 0 1 
1 17 14 1 1 1 0 0 0 0 0 0 0 0 0 1 0 2 0 1 2 1 0 
0 20 9 0 1 1 1 0 0 1 0 0 2 1 0 0 0 0 1 0 1 0 0 
0 2 20 1 1 2 0 0 1 0 0 1 0 0 1 0 1 0 0 0 1 1 1 
1 14 18 1 0 1 1 0 0 0 1 1 1 1 0 0 0 2 1 0 0 2 1 
0 20 16 1 1 0 0 1 0 0 0 0 0 0 1 0 1 1 1 2 1 0 0 
1 5 8 0 0 0 1 0 2 1 0 2 1 0 1 1 1 1 1 0 0 0 1 
1 3 1 1 2 1 2 0 1 0 0 0 0 0 0 0 0 1 0 0 1 0 0 
0 20 1 0 2 0 1 1 1 1 1 1 1 1 0 0 1 1 0 0 1 0 1 
0 20 8 0 0 1 1 1 1 1 0 2 1 0 0 1 0 0 0 0 0 0 0 
0 20 0 2 1 0 0 0 0 0 0 1 1 0 0 0 1 0 1 1 0 0 0 
1 19 17 1 1 0 0 0 0 1 1 1 1 1 0 0 0 1 0 0 2 1 2 
1 3 4 1 1 1 2 2 1 0 1 1 1 1 0 0 1 0 0 1 1 1 0 
0 20 6 0 0 1 0 1 1 2 0 0 0 0 0 0 1 1 0 0 1 0 0 
0 10 20 0 1 1 0 1 0 0 1 1 0 2 0 1 1 1 0 1 1 1 1 
0 20 14 1 0 0 1 1 1 0 1 0 1 0 0 0 1 2 1 1 0 1 0 
0 12 20 1 0 0 0 1 0 1 1 0 0 0 1 2 0 1 0 1 1 1 1 
0 16 20 1 1 1 1 0 0 0 1 1 1 0 0 1 1 1 1 2 0 0 0 
0 9 20 1 1 1 0 1 1 1 0 0 2 1 1 0 1 1 0 0 0 0 1 
0 0 20 2 0 0 1 1 1 0 1 0 0 1 1 0 0 0 0 0 1 1 0 
1 19 6 0 0 1 1 0 0 2 1 1 1 0 1 1 1 1 0 1 0 0 2 
0 2 20 0 1 2 0 1 1 1 1 1 1 1 1 1 0 1 1 1 0 1 0 
0 20 5 0 1 1 1 0 2 1 1 0 0 0 1 1 1 1 0 0 0 0 0 
1 8 12 1 1 0 0 0 0 0 1 2 0 0 1 2 1 0 1 1 1 1 0 
1 2 1 1 2 2 0 1 1 0 0 0 1 0 0 0 1 1 0 1 0 1 0 
1 1 9 1 2 0 1 0 0 0 0 1 2 0 0 0 1 0 0 0 1 1 1 
0 20 18 1 1 0 1 1 1 0 0 0 1 0 1 0 1 0 0 0 0 2 0 
1 19 18 0 1 0 1 0 0 0 1 1 0 0 1 1 0 0 1 1 1 2 2 
1 7 17 1 0 0 0 0 1 0 2 0 1 0 0 1 0 0 0 0 2 0 1 
1 7 3 0 1 0 2 1 1 1 2 0 1 0 1 1 0 0 1 0 1 1 0 
1 13 11 1 0 0 0 1 0 0 0 1 1 1 2 1 2 0 0 0 0 1 0 
1 13 7 0 1 1 1 0 0 0 2 1 0 0 1 0 2 1 1 0 0 0 0 
1 11 0 2 1 0 0 1 1 1 1 1 0 1 2 1 1 1 1 1 0 1 0 
1 10 8 1 0 0 1 1 0 0 0 2 0 2 1 0 1 0 1 0 1 0 1 
0 20 15 0 1 1 1 1 1 1 0 1 1 0 1 0 1 0 2 1 0 1 1 
1 7 4 1 1 1 1 2 1 1 2 1 1 1 1 1 1 0 0 0 0 0 1 
1 16 17 0 1 1 0 0 0 0 0 0 0 0 0 1 1 0 1 2 2 1 0 
0 5 20 1 1 0 1 0 2 0 1 0 0 0 0 0 1 0 0 0 0 0 1 
0 1 20 0 2 0 0 0 0 0 1 1 0 0 1 1 1 1 0 1 1 1 1 
0 20 1 0 2 1 0 1 1 0 0 1 0 0 0 0 1 1 1 0 0 0 0 
0 20 18 1 0 1 1 1 0 0 1 0 0 1 0 1 1 0 1 0 0 2 1 
0 7 20 1 1 0 1 0 0 1 2 0 0 0 1 1 0 0 0 0 0 0 1 
1 0 10 2 1 1 1 1 1 0 0 1 0 2 0 0 1 1 1 0 0 1 1 
1 20 20 1 1 0 0 0 1 0 0 0 1 0 0 0 0 0 1 0 0 1 0 
0 14 20 1 0 0 1 1 0 0 0 1 0 0 0 1 0 2 1 1 1 0 0 
0 20 7 0 0 1 1 1 1 1 2 0 0 0 1 1 1 0 1 1 1 1 1 
0 20 5 0 1 1 0 1 2 1 0 0 0 0 1 1 1 0 0 0 1 0 1 
1 17 12 0 1 0 1 0 1 0 1 1 1 1 1 2 0 1 1 0 2 1 0 
0 20 10 1 0 1 0 0 1 0 0 1 0 2 1 1 0 1 1 0 0 1 1 
0 0 20 2 0 1 0 1 1 0 1 0 0 0 1 1 0 0 0 0 1 0 1 
0 20 5 0 1 0 0 1 2 0 0 1 1 1 1 0 1 1 0 0 0 0 0 
0 20 13 1 1 1 1 0 1 1 0 1 0 0 0 0 2 0 0 1 0 0 1 
1 13 4 1 0 1 1 2 0 0 0 1 0 0 1 0 2 0 0 1 1 0 1 
1 13 0 2 1 1 0 1 1 0 0 1 1 0 0 1 2 0 1 0 0 0 0 
1 7 13 1 1 1 1 0 0 1 2 0 1 1 0 0 2 1 1 0 0 1 1 
0 7 20 0 0 0 1 1 1 0 2 0 0 0 1 1 0 0 0 1 1 1 0 
0 13 20 1 0 1 1 1 0 0 0 1 1 0 0 1 2 0 1 1 1 0 0 
1 9 16 0 1 1 0 0 1 0 1 1 2 0 0 0 1 0 0 2 0 0 1 
1 15 7 1 0 1 0 1 0 1 2 1 0 0 0 0 1 1 2 0 0 0 1 
1 8 0 2 1 0 0 0 0 0 1 2 0 0 1 1 1 1 0 1 0 0 1 
1 4 10 1 1 1 0 2 1 1 1 1 0 2 1 1 1 0 0 1 0 1 1 
1 19 5 1 0 0 1 1 2 0 1 1 1 0 0 1 1 0 1 0 1 1 2 
1 1 6 1 2 0 1 0 0 2 1 1 1 1 0 0 1 1 0 1 1 1 1 
1 18 6 0 0 1 0 1 0 2 0 1 0 1 0 1 0 1 1 1 0 2 1 
1 2 5 1 1 2 1 0 2 0 1 1 0 1 1 0 0 1 0 0 1 0 0 
0 11 20 1 0 1 0 1 0 0 0 1 1 1 2 0 1 1 1 0 0 1 1 
1 7 11 1 0 0 1 0 0 1 2 0 0 0 2 1 0 1 0 1 1 0 0 
1 18 15 0 1 1 1 1 1 1 0 1 1 1 0 0 0 0 2 1 0 2 0 
1 0 14 2 0 1 1 0 1 1 0 1 1 0 1 1 1 2 1 1 1 0 1 
0 7 20 1 1 1 1 0 1 1 2 1 0 0 0 1 0 0 0 0 1 0 1 
0 9 20 0 1 0 1 0 1 0 0 0 2 1 0 0 0 1 1 1 0 0 1 
1 7 17 0 1 0 1 1 1 0 2 1 1 1 0 1 1 1 1 1 2 1 0 
1 19 15 1 0 1 1 0 0 0 1 1 1 1 0 0 0 0 2 1 0 1 2 
0 20 17 0 0 1 0 1 1 0 0 0 1 1 0 1 1 0 0 0 2 1 1 
0 20 5 0 0 1 0 0 2 0 0 1 0 0 0 0 1 1 0 1 1 1 1 
0 10 20 0 0 0 0 0 1 0 1 0 0 2 0 0 1 1 0 0 0 1 1 
0 13 20 1 0 0 1 0 0 0 1 1 0 1 1 1 2 1 0 0 1 0 1 
1 9 8 0 0 0 1 0 0 1 0 2 2 0 0 0 1 0 1 0 1 1 1 
1 17 19 1 1 0 0 0 1 1 1 1 1 1 1 1 0 0 0 1 2 0 2 
1 3 8 1 0 0 2 1 0 1 0 2 1 1 0 0 0 1 0 1 1 1 1 
1 3 12 0 0 1 2 1 0 1 0 1 0 1 0 2 1 0 1 1 0 0 0 
1 14 8 0 0 0 0 1 1 0 0 2 1 0 1 1 1 2 1 0 1 1 0 
1 15 12 1 0 0 0 1 0 0 1 0 1 0 0 2 0 0 2 1 1 1 0 
0 18 20 0 1 1 0 0 1 0 1 0 1 0 0 1 1 1 0 0 1 2 1 
1 16 9 1 1 1 0 0 0 1 1 1 2 0 0 1 0 0 0 2 1 1 0 
1 1 10 0 2 1 1 1 1 0 0 0 0 2 0 1 1 0 1 1 0 0 1 
0 20 11 0 0 1 0 0 1 0 1 0 1 0 2 1 0 0 1 0 1 1 1 
0 20 19 1 0 1 0 1 1 1 1 1 0 0 0 1 0 1 0 1 1 1 2 
0 12 20 1 0 0 1 0 0 1 1 1 0 1 1 2 1 0 0 0 0 1 0 
0 20 9 0 0 1 1 0 1 0 1 0 2 0 0 1 1 0 0 1 0 0 0 
0 20 4 0 1 0 0 2 1 0 0 0 0 0 1 0 1 1 1 1 0 1 0 
1 6 12 0 0 1 0 1 0 2 1 0 0 1 1 2 0 0 1 0 1 0 1 
1 15 11 0 0 0 1 1 0 1 0 1 1 0 2 0 1 1 2 0 0 0 0 
1 4 0 2 1 0 0 2 0 1 1 0 0 1 1 1 0 0 0 1 0 0 1 
1 9 14 1 1 0 1 0 1 1 0 0 2 1 0 0 0 2 0 1 0 0 1 
1 0 18 2 0 0 0 1 0 0 1 1 0 1 0 0 0 0 1 1 0 2 1 
0 20 7 0 0 1 1 1 1 0 2 0 0 0 0 1 0 1 0 1 0 0 0 
0 20 12 1 0 0 1 0 0 0 0 1 1 0 1 2 1 1 1 0 0 1 0 
0 20 1 0 2 1 0 0 0 1 0 1 1 0 0 1 1 1 0 0 1 1 1 
0 5 20 1 1 1 0 0 2 1 0 1 1 0 1 1 1 1 1 0 1 0 0 
0 20 16 0 0 0 0 1 1 0 1 1 1 0 0 1 1 0 0 2 1 0 0 
1 4 16 0 0 1 1 2 1 1 0 0 1 0 1 1 0 0 1 2 0 0 1 
1 18 17 1 1 1 1 0 1 1 1 1 0 0 1 0 1 1 0 0 2 2 1 
1 2 18 1 1 2 0 1 0 0 0 0 1 1 1 0 1 0 1 0 0 2 1 
1 16 9 1 1 1 0 1 1 0 1 0 2 0 1 1 1 1 0 2 0 0 0 
1 4 15 1 0 0 0 2 0 1 1 1 1 1 1 0 0 0 2 1 0 0 1 
0 10 20 0 0 0 0 0 1 1 1 0 1 2 0 0 1 1 1 0 0 0 1 
1 0 17 2 1 1 1 0 0 1 1 0 0 0 0 0 1 1 1 1 2 0 0 
0 20 4 0 0 0 1 2 0 1 0 0 0 1 0 1 1 0 1 0 1 1 0 
0 20 6 0 0 0 0 1 1 2 1 1 1 1 1 0 1 0 0 1 0 1 1 
1 2 8 0 0 2 1 1 1 0 1 2 0 1 0 1 1 1 1 0 1 1 0 
1 4 18 0 1 1 0 2 0 0 0 0 1 0 0 0 1 1 0 1 0 2 1 
0 20 16 0 1 1 1 1 1 1 0 1 1 0 1 0 1 0 1 2 1 1 0 
1 10 3 1 0 1 2 0 0 1 0 0 1 2 1 0 0 1 1 1 0 0 0 
1 16 0 2 1 0 0 1 1 1 1 1 1 0 1 1 1 1 0 2 1 0 1 
0 13 20 1 1 1 1 0 1 1 0 1 0 0 1 1 2 1 0 1 1 0 0 
0 20 9 1 1 0 1 0 0 1 1 0 2 0 0 0 1 0 0 0 0 0 0 
1 10 1 0 2 0 1 1 1 1 1 0 1 2 1 0 1 0 0 0 1 0 1 
0 20 8 0 0 1 0 1 1 1 0 2 0 1 1 0 0 0 0 0 1 0 0 
1 12 3 1 1 1 2 1 1 0 1 0 0 1 0 2 1 0 0 0 0 1 0 
0 20 16 1 1 0 0 0 0 1 1 1 0 1 0 1 1 1 1 2 1 0 0 
1 13 3 1 1 1 2 0 0 0 0 0 1 1 1 0 2 1 0 1 0 0 0 
1 10 8 0 0 1 0 0 1 1 0 2 1 2 1 0 1 1 1 0 1 1 1 
1 10 15 1 0 1 0 1 1 1 1 0 1 2 0 1 0 0 2 1 0 1 1 
1 20 20 0 1 0 1 1 0 0 1 0 0 1 0 0 0 1 1 0 0 0 1 
1 0 1 2 2 1 0 0 0 0 0 0 0 1 1 0 0 0 1 1 1 0 1 
1 0 6 2 1 0 1 1 1 2 0 0 1 0 1 0 1 1 1 1 0 1 0 
1 14 16 1 1 0 1 1 0 0 1 1 0 0 0 1 1 2 1 2 1 1 1 
0 14 20 0 0 1 0 1 1 1 1 0 0 0 1 0 0 2 0 1 0 0 1 
0 20 10 0 1 0 0 0 0 0 0 1 1 2 1 0 1 1 0 0 1 0 1 
1 20 20 0 0 0 0 0 1 1 1 1 1 0 0 0 1 0 1 1 0 1 0 
1 9 17 0 0 0 0 0 1 0 1 0 2 1 0 1 1 0 0 1 2 1 1 
0 20 10 1 0 1 0 0 1 0 0 0 1 2 0 0 0 1 1 0 0 1 1 
0 4 20 1 1 0 0 2 1 0 1 0 1 1 0 0 0 1 1 0 0 0 0 
0 20 1 0 2 0 0 0 1 1 1 1 0 0 1 1 0 0 0 1 1 0 1 
0 7 20 1 0 1 0 1 0 0 2 0 1 0 0 1 1 1 1 0 0 1 1 
1 19 13 0 1 1 0 0 1 0 0 0 1 0 0 1 2 1 0 1 1 1 2 
0 20 7 0 0 1 1 1 0 0 2 0 1 1 0 0 0 1 0 1 0 1 0 
0 20 4 0 0 1 1 2 1 0 0 1 1 0 0 0 0 1 0 1 0 0 0 
0 20 14 0 1 1 1 0 0 0 1 0 1 1 1 0 1 2 1 1 0 1 1 
1 4 10 0 1 1 0 2 0 1 0 1 0 2 0 1 0 1 0 1 0 1 0 
0 20 8 0 1 1 0 1 0 0 0 2 1 0 1 0 1 1 0 0 1 1 1 
1 15 16 1 1 1 0 1 0 0 1 0 1 1 0 0 0 1 2 2 0 0 0 
1 13 11 1 1 1 1 1 0 0 1 0 1 1 2 0 2 0 1 0 0 0 0 
0 2 20 0 1 2 1 1 0 0 1 0 0 1 1 0 1 1 1 1 0 0 0 
0 7 20 0 0 0 0 1 1 1 2 0 1 0 0 1 0 0 0 1 1 1 0 
1 15 13 0 1 0 0 0 1 0 1 0 0 0 0 0 2 1 2 1 0 1 0 
0 20 16 1 1 1 1 1 1 1 1 0 1 0 0 1 0 0 0 2 1 0 0 
1 13 3 1 0 0 2 0 1 0 0 1 1 0 0 0 2 0 1 1 0 0 0 
1 16 4 0 1 0 1 2 1 0 1 0 0 0 1 1 0 1 0 2 0 0 1 
0 20 6 1 0 0 0 1 1 2 1 1 0 1 1 1 0 0 0 0 0 0 1 
1 2 0 2 0 2 1 1 1 0 0 0 1 0 1 1 0 1 0 1 1 0 1 
1 1 19 0 2 1 1 0 0 1 1 1 0 0 1 1 0 0 0 1 1 1 2 
1 12 18 1 0 1 0 1 0 1 0 0 1 0 0 2 0 0 0 1 1 2 0 
1 20 20 1 0 1 1 0 1 0 0 1 0 0 0 0 1 1 0 1 0 0 0 
0 20 14 0 1 0 1 0 0 0 0 0 0 1 1 0 0 2 1 0 0 0 1 
0 20 5 1 0 1 0 0 2 1 1 0 0 1 1 1 1 1 1 1 1 0 1 
0 20 17 0 1 1 1 1 0 0 1 0 0 1 1 0 0 0 0 1 2 0 0 
1 15 11 0 1 0 0 1 1 1 0 1 1 0 2 0 1 1 2 1 1 1 1 
1 18 5 0 1 1 0 1 2 1 1 0 0 0 0 1 0 1 0 0 0 2 0 
1 13 14 0 1 1 0 0 1 0 1 0 1 1 1 1 2 2 0 0 1 0 1 
1 20 20 0 1 0 0 1 1 0 0 0 0 1 1 0 1 0 0 0 1 1 1 
0 19 20 0 0 0 1 1 0 1 1 0 0 0 1 1 0 1 0 1 1 0 2 
1 14 3 0 0 0 2 1 1 0 0 0 1 0 0 0 0 2 0 0 1 0 1 
1 3 19 0 0 1 2 1 1 1 1 1 0 1 1 1 0 0 1 1 1 0 2 
0 20 14 0 1 0 0 0 0 1 0 0 0 0 0 0 0 2 1 1 1 1 0 
1 14 5 1 1 0 1 0 2 0 1 1 1 0 0 1 0 2 1 0 0 0 0 
0 20 1 1 2 0 1 1 1 0 1 0 1 1 1 1 0 1 0 0 0 0 0 
1 8 13 0 1 1 1 0 0 0 1 2 0 1 0 0 2 0 1 1 0 0 1 
1 11 4 1 0 1 0 2 0 1 0 1 0 0 2 1 1 1 0 0 0 0 0 
1 4 6 1 1 0 0 2 0 2 0 0 0 1 1 0 1 0 1 1 1 1 0 
0 13 20 1 1 0 1 0 0 1 1 0 0 0 0 0 2 0 1 0 1 1 1 
0 20 2 0 0 2 1 1 1 0 0 0 0 0 0 0 0 0 0 0 1 0 1 
0 20 11 0 1 0 1 1 1 1 1 1 0 0 2 0 0 0 1 1 0 0 0 
1 9 19 1 1 0 0 1 1 1 1 1 2 0 0 1 1 1 0 0 1 0 2 
1 7 9 1 1 1 0 0 0 0 2 0 2 0 1 0 1 1 0 0 1 1 0 
0 20 1 1 2 1 0 0 0 1 0 1 1 0 0 1 1 1 1 1 1 1 1 
1 9 16 0 1 1 0 0 0 1 1 0 2 1 1 0 1 0 1 2 0 0 1 
0 17 20 1 0 0 0 1 0 1 0 0 1 0 1 0 0 0 0 1 2 0 0 
0 20 11 0 0 0 1 0 0 0 0 1 1 1 2 0 1 1 0 0 0 0 0 
0 20 4 1 0 0 1 2 0 1 1 1 1 0 1 1 1 0 0 1 0 1 0 
1 11 10 1 0 1 0 1 0 1 0 1 1 2 2 1 1 1 1 0 0 0 0 
1 5 0 2 1 0 0 1 2 1 0 1 1 1 1 1 1 1 0 0 1 0 1 
0 2 20 1 1 2 1 1 1 1 1 0 1 1 0 0 0 0 1 0 1 0 0 
1 2 5 1 1 2 0 1 2 0 1 0 0 1 1 1 0 0 0 0 1 1 0 
1 8 6 0 0 1 0 0 0 2 0 2 1 1 1 0 1 0 1 1 0 1 1 
1 3 17 0 1 0 2 0 1 0 1 1 1 1 1 0 1 1 1 1 2 0 1 
0 20 12 1 0 0 1 1 1 0 0 1 1 1 1 2 1 1 0 0 1 0 0 
1 6 3 0 0 0 2 1 1 2 1 1 1 0 0 0 0 1 1 0 1 1 0 
0 11 20 1 0 0 1 0 1 1 1 1 0 0 2 0 0 1 0 1 1 0 0 
1 5 18 0 0 0 1 1 2 1 1 1 1 0 1 0 1 0 0 1 1 2 0 
0 20 6 0 0 0 1 1 1 2 1 0 0 0 0 1 0 1 0 0 0 1 1 
1 12 16 0 1 1 0 0 0 1 0 1 1 1 1 2 0 0 0 2 0 0 0 
1 17 7 0 0 0 1 1 1 1 2 0 1 0 0 1 1 1 1 1 2 0 0 
1 6 9 0 1 1 1 0 0 2 0 1 2 1 0 0 1 0 1 1 0 1 1 
0 20 6 0 1 1 1 0 0 2 0 0 1 0 0 0 0 0 1 1 0 1 1 
0 20 19 0 0 1 1 0 1 1 0 1 0 1 0 1 0 1 0 1 0 0 2 
1 14 9 0 1 1 0 1 1 0 0 1 2 1 0 0 0 2 0 1 0 0 1 
0 16 20 1 0 1 0 0 0 1 0 0 1 0 1 0 1 0 0 2 0 1 1 
1 3 18 0 0 0 2 1 0 0 1 1 0 1 1 0 0 1 1 0 0 2 1 
1 14 1 1 2 0 1 0 1 0 0 0 0 0 0 1 0 2 1 1 1 1 1 
1 4 2 0 1 2 0 2 1 0 0 0 1 1 0 0 1 0 1 0 0 1 1 
0 20 12 1 1 0 0 0 0 0 1 1 0 0 1 2 1 0 0 1 1 1 1 
1 4 13 0 0 0 0 2 1 0 1 1 0 1 1 1 2 0 0 1 1 0 0 
1 4 16 1 1 0 1 2 1 1 1 1 0 0 0 0 1 0 1 2 1 1 1 
1 18 1 1 2 0 0 1 0 1 1 0 0 0 1 1 1 0 1 1 1 2 1 
0 20 15 1 0 1 0 1 1 0 1 1 0 1 1 1 1 1 2 0 0 1 1 
0 20 18 1 1 1 1 0 0 1 0 1 1 0 0 0 1 1 0 0 0 2 1 
1 9 6 0 0 0 0 1 0 2 0 1 2 1 0 0 0 0 0 0 0 1 0 
0 4 20 1 0 0 1 2 0 1 1 0 0 0 1 1 0 1 0 0 1 0 1 
0 2 20 1 0 2 0 0 1 1 1 1 1 1 1 1 1 0 0 0 1 0 1 
1 8 15 1 0 0 1 1 1 0 0 2 1 0 1 1 0 1 2 0 1 1 0 
0 20 11 0 0 1 1 0 1 1 0 0 0 0 2 0 0 0 1 1 1 0 1 
0 20 3 0 0 0 2 1 1 0 1 1 1 1 1 0 0 1 1 0 0 1 0 
1 16 10 0 1 1 1 0 1 1 0 0 1 2 1 1 1 0 1 2 0 0 1 
0 6 20 1 0 1 0 0 0 2 1 0 0 0 1 1 1 1 0 1 1 1 1 
0 20 8 0 0 0 1 1 1 1 1 2 1 1 1 1 0 1 0 1 1 0 0 
1 4 12 1 0 1 1 2 1 0 1 1 0 1 1 2 0 0 1 1 0 0 1 
1 1 12 0 2 0 0 0 1 0 0 0 0 1 1 2 1 0 1 1 1 1 1 
0 20 7 1 0 1 0 1 0 1 2 0 1 0 0 1 0 0 1 0 0 0 0 
1 18 2 0 1 2 0 0 1 0 1 0 1 1 0 0 0 1 0 1 1 2 1 
1 19 10 1 1 1 0 1 0 0 1 1 1 2 0 1 0 0 0 0 0 0 2 
1 18 16 1 0 0 1 0 0 1 0 0 1 1 0 0 1 1 1 2 0 2 1 
0 20 18 1 1 1 1 1 0 0 0 1 0 0 1 1 0 1 1 0 1 2 1 
0 11 20 0 1 1 1 1 0 0 0 1 0 1 2 1 1 0 1 0 0 0 1 
1 5 9 0 0 0 1 0 2 1 1 0 2 0 1 1 1 1 1 1 1 0 1 
0 3 20 0 0 0 2 1 0 0 0 1 1 1 0 1 0 0 1 0 0 0 1 
0 20 6 0 1 1 0 1 1 2 0 1 0 0 1 0 1 0 1 0 1 1 0 
0 6 20 1 1 0 0 1 1 2 1 1 0 1 0 1 1 1 1 1 1 0 1 
1 20 20 0 0 0 0 1 0 0 1 1 1 1 0 1 1 0 1 0 1 0 0 
1 11 18 1 1 1 0 1 1 0 1 0 0 0 2 0 1 1 0 0 1 2 1 
1 20 20 0 1 0 1 1 0 0 1 0 1 0 1 0 0 1 1 0 1 0 1 
1 7 17 1 1 1 1 0 0 0 2 1 1 0 1 0 1 0 0 0 2 0 1 
0 9 20 0 0 1 0 0 1 1 0 1 2 0 1 0 0 0 0 0 1 1 0 
1 14 18 0 0 1 0 1 1 0 0 0 0 1 1 0 1 2 1 0 0 2 1 
1 16 1 0 2 0 1 0 0 1 1 0 1 0 0 1 1 1 1 2 0 0 1 
0 19 20 0 0 1 0 1 1 0 0 0 0 0 0 0 1 1 1 1 1 0 2 
1 16 19 0 0 1 1 0 0 0 0 0 0 0 1 0 1 0 0 2 1 1 2 
1 2 16 1 0 2 0 0 1 1 1 0 0 1 1 0 0 1 0 2 1 0 0 
0 16 20 1 1 0 1 0 0 1 1 1 1 0 1 0 1 1 0 2 0 0 1 
1 7 13 0 1 1 0 1 1 1 2 1 0 1 1 0 2 1 1 0 0 1 0 
0 20 10 1 1 1 1 1 0 1 1 0 1 2 0 1 1 1 1 0 1 0 0 
1 15 4 1 0 0 0 2 0 1 0 1 1 1 1 1 0 1 2 1 0 0 0 
1 11 16 1 0 0 0 0 1 0 1 1 0 1 2 0 0 1 0 2 1 0 1 
1 8 7 0 0 0 0 0 0 0 2 2 1 1 1 0 0 1 0 0 0 0 0 
0 20 9 1 0 1 1 1 0 0 1 0 2 0 1 1 1 1 0 0 1 1 0 
1 17 8 1 0 0 0 0 1 0 0 2 0 1 0 1 0 0 0 0 2 0 0 
0 10 20 1 1 0 0 0 0 1 0 1 1 2 0 0 0 1 0 1 0 1 0 
1 8 18 0 1 0 1 1 1 1 1 2 0 0 0 0 1 1 0 0 1 2 1 
0 20 5 0 1 1 1 1 2 1 0 1 0 1 0 0 1 1 1 1 0 0 0 
1 4 15 1 1 1 0 2 1 1 0 0 0 1 1 0 1 0 2 0 0 0 1 
1 7 9 1 0 0 0 1 0 0 2 0 2 1 1 0 0 0 1 1 1 1 0 
1 14 7 0 1 0 1 0 0 0 2 1 0 1 1 0 1 2 1 1 1 0 1 
0 5 20 0 0 1 1 1 2 0 1 0 1 0 0 1 1 1 1 1 0 0 1 
1 15 19 0 1 1 0 0 0 1 1 0 1 0 0 0 1 1 2 1 1 0 2 
1 10 15 1 0 1 0 0 1 1 0 1 0 2 0 1 1 1 2 1 1 0 1 
0 20 6 0 0 1 1 0 1 2 1 0 0 1 1 1 0 1 0 1 0 1 0 
0 2 20 1 1 2 1 0 0 0 1 0 0 1 0 1 1 1 0 1 1 0 0 
1 1 7 1 2 1 1 1 0 0 2 0 0 0 0 0 1 1 1 1 0 0 1 
0 1 20 0 2 1 0 0 0 1 0 0 1 0 0 1 1 0 1 1 1 1 0 
1 3 6 0 0 1 2 1 1 2 0 0 0 0 1 1 0 0 1 1 0 1 0 
1 3 5 1 0 0 2 0 2 0 1 0 0 0 0 0 1 0 0 1 1 0 0 
0 20 0 2 0 0 0 1 0 1 1 1 1 1 0 1 1 1 0 0 0 1 0 
1 2 1 0 2 2 1 1 1 0 1 0 0 1 1 0 0 1 0 1 0 0 1 
1 7 19 1 1 0 0 1 1 0 2 1 0 0 1 1 0 0 1 1 1 1 2 
0 5 20 0 0 0 1 1 2 0 1 0 0 1 1 0 1 1 0 1 0 0 0 
0 20 17 0 1 1 1 0 1 0 1 1 1 1 1 0 1 0 0 0 2 0 0 
0 20 11 0 1 0 1 1 1 0 0 1 0 0 2 1 1 0 0 1 1 0 1 
0 5 20 1 1 0 1 0 2 1 0 1 1 0 0 1 0 0 0 0 1 0 1 
0 20 14 1 1 1 1 0 0 1 1 0 1 0 0 1 0 2 1 1 0 1 0 
1 19 5 0 0 1 1 1 2 0 0 1 0 0 1 1 1 0 0 0 1 0 2 
0 20 11 1 1 0 0 1 1 1 0 1 1 0 2 0 0 1 1 1 0 0 1 
0 20 19 1 0 0 0 1 1 1 1 0 0 0 1 0 1 1 1 1 1 0 2 
0 20 19 1 0 0 1 0 1 0 0 0 1 1 0 0 0 0 1 1 0 0 2 
1 11 16 0 1 1 1 1 0 0 1 0 0 1 2 1 0 0 0 2 0 0 1 
1 0 18 2 1 0 0 0 1 1 1 1 0 1 0 0 1 1 1 0 0 2 0 
0 20 9 1 1 0 0 0 1 0 1 0 2 0 0 1 1 1 1 0 0 0 0 
0 20 8 0 1 1 0 0 1 0 0 2 1 0 1 0 0 1 1 1 1 1 0 
1 2 19 1 1 2 0 0 0 1 0 1 1 1 0 1 0 1 0 0 1 0 2 
1 3 4 1 1 1 2 2 1 1 1 0 0 0 1 0 0 0 1 1 1 1 1 
1 20 20 0 1 1 1 1 0 1 0 1 1 0 1 1 1 0 0 1 1 1 0 
1 5 18 1 0 0 0 0 2 0 0 0 1 0 0 1 0 0 1 0 1 2 1 
1 4 6 0 0 1 1 2 1 2 0 0 0 1 0 1 0 0 0 0 1 0 1 
1 14 10 1 1 0 0 0 1 0 0 0 0 2 0 1 1 2 1 0 1 0 0 
0 20 0 2 0 0 1 1 1 0 1 1 0 1 0 1 0 0 0 0 0 1 1 
0 13 20 0 1 0 1 0 0 0 0 0 1 1 0 0 2 1 1 1 1 1 1 
1 13 3 1 1 1 2 0 1 0 0 0 0 1 1 1 2 0 1 0 1 0 1 
0 20 12 0 0 0 0 0 1 1 0 1 1 0 1 2 1 0 0 1 1 1 0 
0 20 16 1 1 1 0 1 1 0 1 1 1 0 0 1 1 0 0 2 0 0 0 
1 9 7 0 0 1 1 1 1 0 2 1 2 1 0 0 1 0 0 0 0 1 1 
1 9 11 0 1 0 1 0 1 1 0 1 2 0 2 0 0 0 1 1 1 0 1 
0 20 5 0 0 1 1 0 2 1 0 0 1 1 1 0 0 1 0 1 0 1 0 
0 18 20 1 0 0 1 1 1 1 0 0 1 1 0 0 0 0 1 0 1 2 1 
1 5 17 1 0 0 1 1 2 1 1 0 1 0 0 1 1 0 1 0 2 1 0 
0 20 4 0 1 1 1 2 0 0 0 1 1 1 0 0 0 0 0 1 1 0 0 
1 10 9 1 1 1 0 0 1 1 0 0 2 2 0 1 1 0 0 0 1 1 1 
1 3 6 0 1 1 2 1 0 2 0 1 1 0 0 0 0 0 0 0 0 0 1 
1 17 18 1 0 1 0 0 0 1 0 1 0 0 1 0 0 1 0 1 2 2 1 
0 20 19 1 1 0 0 1 0 0 0 0 1 1 0 1 0 0 1 0 0 0 2 
0 20 0 2 1 0 0 0 0 0 0 0 1 0 1 0 0 1 0 0 1 0 1 
0 20 4 1 1 0 0 2 1 1 0 0 1 0 1 1 1 0 0 1 0 0 1 
0 17 20 0 1 1 1 1 0 1 1 1 0 1 0 0 0 0 0 1 2 0 1 
0 20 15 1 1 1 0 0 1 0 0 1 1 1 0 0 1 0 2 0 1 1 0 
0 20 14 0 0 1 0 1 1 0 0 0 0 1 1 1 1 2 0 1 0 1 0 
1 18 6 1 1 1 1 1 1 2 0 0 1 0 0 0 0 0 1 1 0 2 0 
1 0 11 2 0 1 1 1 1 1 1 1 1 1 2 0 0 0 1 0 1 1 1 
1 20 20 0 0 1 1 0 1 1 0 1 0 1 1 1 1 0 0 0 0 0 1 
1 20 20 1 0 0 1 1 0 0 0 1 1 0 0 1 1 0 0 0 1 0 1 
0 17 20 0 1 1 1 1 1 0 0 0 0 1 0 1 0 0 0 0 2 1 0 
0 20 16 1 0 1 0 0 0 1 1 0 0 1 1 1 1 0 0 2 1 0 1 
1 14 9 0 1 1 0 1 0 0 1 0 2 0 1 0 0 2 1 1 0 0 0 
0 13 20 1 0 0 1 0 0 0 1 1 1 0 0 1 2 1 1 1 0 1 0 
0 20 13 0 0 1 1 0 1 1 1 0 0 0 0 1 2 1 1 0 0 1 1 
0 20 19 1 0 0 0 0 1 0 0 1 1 0 1 1 1 1 1 1 1 0 2 
0 10 20 0 0 0 1 1 1 1 0 0 1 2 1 1 1 1 0 1 0 1 1 
1 3 7 1 1 0 2 1 1 1 2 1 1 1 0 1 0 1 1 0 0 1 0 
1 20 20 1 1 1 0 1 1 1 1 0 0 1 1 1 0 1 0 1 1 1 1 
1 15 11 1 1 0 0 0 0 0 1 0 1 1 2 1 1 0 2 0 0 0 1 
0 8 20 1 0 0 0 0 1 0 1 2 0 0 0 0 0 1 0 1 0 0 1 
0 14 20 0 1 0 1 1 1 1 1 0 1 0 1 1 1 2 0 1 0 1 0 
1 0 1 2 2 0 0 0 1 1 0 1 0 1 0 1 0 0 0 1 1 1 1 
0 20 0 2 0 1 0 1 0 0 1 1 0 0 1 0 0 1 1 0 1 0 1 
0 20 15 1 0 0 0 0 0 0 1 0 0 0 1 1 0 1 2 0 0 1 0 
0 3 20 0 0 0 2 1 0 1 0 1 0 0 0 0 0 1 0 1 0 0 0 
0 20 3 1 1 0 2 0 1 1 0 1 0 1 1 1 1 0 1 1 0 0 0 
0 20 10 0 0 1 1 0 0 0 0 0 1 2 0 0 0 1 0 1 0 0 0 
1 6 19 0 0 1 0 1 1 2 0 0 0 1 1 1 1 0 1 0 0 0 2 
1 2 1 1 2 2 0 1 1 1 1 1 1 0 0 0 0 0 0 0 0 0 1 
1 8 12 0 0 1 0 0 1 0 1 2 1 1 1 2 1 0 0 0 0 1 1 
1 6 17 0 1 0 1 0 1 2 0 1 0 0 0 0 1 0 0 0 2 1 0 
1 5 16 0 1 1 1 0 2 0 0 0 1 0 0 1 0 0 1 2 1 1 0 
1 17 13 1 0 1 1 1 0 0 1 1 0 0 1 1 2 1 0 1 2 0 0 
1 15 1 0 2 1 1 0 0 1 0 0 1 1 0 1 1 0 2 0 0 0 0 
0 19 20 0 1 0 0 0 1 1 0 0 0 0 0 0 0 0 1 0 0 0 2 
0 20 5 0 0 1 1 0 2 1 1 0 0 1 1 1 1 0 0 0 1 0 0 
0 8 20 1 1 0 0 1 1 0 1 2 0 0 1 0 0 0 1 1 1 0 0 
1 14 17 0 1 1 1 0 0 0 1 1 0 1 1 0 0 2 1 0 2 1 1 
0 20 17 1 1 0 1 0 0 0 1 0 1 0 0 1 0 0 0 1 2 0 0 
1 18 17 0 0 0 1 0 0 1 1 1 1 0 0 1 1 1 1 0 2 2 0 
1 10 1 0 2 0 0 1 1 1 1 0 1 2 1 0 1 1 0 0 1 0 1 
0 18 20 1 0 0 0 1 0 1 1 0 0 1 0 1 1 1 0 1 0 2 0 
0 20 14 1 0 0 1 0 0 1 1 1 1 0 0 0 1 2 0 0 0 1 1 
0 20 13 1 1 0 1 1 1 0 0 1 0 0 0 1 2 0 0 0 1 0 1 
0 20 18 1 1 1 1 0 0 0 1 1 0 1 1 0 0 1 0 0 1 2 0 
0 20 11 0 1 0 1 0 0 0 1 1 0 1 2 0 0 0 0 0 1 1 0 
1 6 14 1 1 0 1 1 0 2 0 0 1 1 0 0 1 2 1 1 0 1 0 
0 16 20 0 1 1 0 0 0 0 1 0 1 1 0 1 0 0 1 2 0 0 1 
0 20 10 0 1 1 0 1 0 0 0 0 1 2 1 1 0 1 0 1 0 1 0 
0 19 20 1 1 1 0 0 1 1 1 1 0 1 1 0 0 1 1 1 0 0 2 
1 3 1 0 2 1 2 0 0 1 1 0 1 0 1 1 1 1 1 1 1 0 1 
0 7 20 1 1 1 0 0 1 1 2 0 0 0 1 0 0 1 0 1 1 0 0 
0 20 19 0 0 1 1 1 1 1 1 1 0 1 0 1 1 0 1 1 1 1 2 
0 11 20 1 1 1 1 0 1 1 0 1 1 0 2 1 0 0 0 1 1 0 1 
1 0 16 2 0 1 0 0 1 1 0 1 1 1 0 1 0 1 0 2 0 1 0 
0 13 20 1 1 1 1 1 0 0 0 1 1 1 1 0 2 0 1 0 1 0 1 
1 9 15 1 0 0 0 1 0 0 1 0 2 0 0 0 1 1 2 0 0 1 1 
0 20 2 0 1 2 0 0 1 0 1 0 1 1 0 0 1 1 0 1 1 0 0 
0 20 10 1 0 0 0 1 0 1 1 0 0 2 0 1 0 0 0 1 0 1 0 
0 20 17 1 0 0 0 0 0 0 0 0 0 0 1 0 1 0 0 0 2 1 1 
0 20 13 0 0 0 1 1 1 0 0 1 0 1 1 1 2 1 0 1 0 0 1 
0 9 20 1 1 1 1 0 0 1 1 0 2 1 0 1 0 0 0 0 1 1 0 
1 15 12 0 0 0 0 0 0 0 1 0 0 1 1 2 1 0 2 0 0 1 1 
0 20 15 1 1 0 0 0 1 1 1 0 1 1 0 1 1 0 2 0 0 0 1 
1 8 15 1 1 1 1 0 0 1 0 2 0 1 0 0 1 0 2 1 1 1 1 
1 20 20 1 1 1 1 1 1 1 1 0 1 0 1 0 1 1 0 0 0 1 0 
1 6 2 0 1 2 1 0 1 2 1 1 0 0 1 1 1 0 1 1 0 1 0 
0 20 15 1 1 0 0 1 1 1 1 1 0 0 1 0 0 0 2 1 1 0 0 
0 20 2 0 0 2 0 0 1 0 1 0 1 0 1 0 0 1 1 0 0 1 0 
1 0 4 2 1 0 1 2 0 1 1 0 0 0 1 1 1 0 1 0 1 0 0 
1 10 18 1 0 1 1 0 0 1 1 0 1 2 1 1 0 1 1 0 0 2 1 
0 6 20 0 1 1 0 1 0 2 1 0 0 0 1 1 0 0 0 1 1 0 0 
0 20 13 1 1 0 0 0 0 0 1 1 0 1 1 0 2 1 1 0 0 0 1 
0 20 6 0 0 0 0 1 0 2 1 1 0 1 1 0 0 0 1 1 0 0 0 
1 6 8 1 0 0 0 0 0 2 0 2 1 1 1 1 1 0 0 1 0 1 0 
0 20 12 0 1 1 1 1 1 1 1 0 1 0 1 2 1 1 0 0 0 1 0 
0 20 9 0 1 0 0 1 0 0 1 0 2 1 0 0 1 0 1 1 0 1 0 
1 4 17 1 1 0 0 2 0 0 0 0 0 1 1 0 1 1 1 1 2 0 0 
0 8 20 1 0 0 0 1 0 0 1 2 0 0 0 1 0 0 0 1 1 1 0 
0 20 5 1 0 0 0 0 2 0 1 1 0 0 1 0 1 1 1 1 0 0 1 
1 6 16 1 0 0 0 0 0 2 1 1 0 1 0 1 0 1 1 2 0 0 1 
1 0 15 2 0 0 1 1 0 0 1 1 1 0 0 0 0 1 2 1 1 0 1 
0 20 18 0 1 0 0 1 0 0 0 0 1 1 0 1 1 0 1 1 1 2 1 
1 2 15 0 0 2 1 1 0 0 0 0 0 0 0 1 1 0 2 1 1 1 0 
1 20 20 1 1 0 1 1 1 0 1 1 0 0 1 1 0 0 0 1 1 1 1 
0 20 7 1 0 1 0 0 1 0 2 0 0 1 0 0 1 0 1 1 0 0 1 
1 11 3 1 0 1 2 0 0 0 1 1 1 0 2 0 1 1 0 1 1 0 1 
1 2 7 1 1 2 0 0 0 1 2 0 0 1 1 1 0 0 0 0 0 0 1 
1 2 11 0 1 2 1 1 1 1 0 0 0 0 2 1 1 0 0 1 1 0 1 
0 20 11 1 0 0 0 1 1 0 0 1 0 1 2 0 0 0 0 0 1 1 0 
0 3 20 0 1 0 2 0 0 0 1 0 1 0 0 0 0 1 0 0 1 1 0 
0 14 20 0 0 0 1 0 0 0 0 1 1 0 1 0 0 2 1 0 0 1 0 
0 20 19 1 1 1 0 0 0 0 0 1 1 1 1 0 0 1 0 1 0 0 2 
1 7 6 0 0 0 0 0 1 2 2 1 0 0 0 0 1 1 0 0 1 0 1 
1 11 16 1 1 1 0 1 0 0 0 0 0 0 2 0 0 0 1 2 1 0 0 
1 1 9 0 2 0 0 1 1 1 1 1 2 0 0 1 1 0 0 1 0 0 0 
0 20 18 0 0 0 0 1 1 1 1 1 1 1 0 0 1 1 0 0 1 2 0 
0 19 20 0 1 0 0 0 0 1 1 1 0 0 0 0 1 1 1 1 0 0 2 
1 10 1 1 2 0 1 0 1 1 0 0 0 2 0 0 0 1 0 0 1 0 0 
1 7 12 1 0 0 0 0 1 0 2 0 1 0 1 2 1 0 1 0 1 0 0 
1 18 5 0 0 0 0 1 2 1 1 0 0 1 0 0 1 0 1 0 1 2 1 
1 2 19 0 1 2 0 0 1 0 0 0 0 1 0 1 0 1 1 1 1 1 2 
1 3 12 0 1 0 2 1 1 0 1 1 0 0 0 2 1 1 0 1 1 1 0 
1 4 19 0 0 1 1 2 0 0 1 0 0 1 1 0 0 1 0 1 1 1 2 
0 20 13 1 0 0 1 1 0 0 0 1 0 0 0 1 2 0 1 0 0 0 1 
0 4 20 1 1 1 0 2 0 0 1 0 1 1 1 0 0 1 1 0 0 1 1 
0 7 20 0 0 1 0 0 0 1 2 1 1 0 1 1 0 0 1 0 0 1 1 
0 6 20 0 1 1 0 1 1 2 0 0 1 0 1 1 0 1 1 1 0 1 0 
1 20 20 1 0 1 0 1 0 1 1 1 0 0 0 0 1 0 0 0 1 0 1 
1 7 3 1 1 0 2 0 1 1 2 1 0 0 0 1 0 0 1 1 0 0 0 
0 8 20 0 0 1 1 0 1 1 0 2 1 0 1 0 1 1 0 0 1 1 0 
0 20 7 1 1 0 1 1 1 1 2 1 0 0 1 0 0 0 0 0 1 1 1 
1 20 20 0 1 1 1 0 1 0 1 1 1 0 0 1 1 0 0 1 0 1 1 
0 20 12 1 1 0 1 0 0 0 1 0 1 1 0 2 0 1 1 0 0 1 1 
1 16 13 0 1 0 0 1 0 1 1 0 0 1 0 1 2 1 0 2 1 0 0 
1 1 2 1 2 2 0 1 1 0 0 0 0 0 1 1 0 0 0 1 1 1 1 
1 9 15 0 0 1 0 0 1 1 0 1 2 1 1 1 0 0 2 0 0 0 1 
1 6 19 1 0 1 1 0 1 2 1 1 1 0 1 1 1 0 1 1 0 0 2 
1 2 10 0 0 2 0 1 1 0 0 0 1 2 0 1 1 0 1 1 1 0 0 
1 14 1 1 2 1 0 0 1 1 1 1 1 0 1 0 1 2 1 1 1 1 0 
1 18 12 0 1 0 0 1 1 1 1 0 1 1 0 2 0 0 0 1 0 2 0 
0 20 5 0 1 1 1 1 2 1 1 0 0 0 0 1 1 1 1 1 0 1 1 
1 20 20 1 0 1 0 1 1 1 0 0 1 1 0 0 1 0 0 1 1 1 1 
1 3 8 0 0 0 2 1 0 0 1 2 1 1 1 0 0 1 1 0 1 1 0 
1 4 13 0 0 1 0 2 0 0 0 0 1 1 1 0 2 0 0 0 0 0 0 
1 14 9 0 0 0 0 0 0 1 1 0 2 0 1 1 0 2 1 1 1 1 1 
1 20 20 0 1 0 1 0 0 0 1 1 1 1 1 0 0 0 0 1 0 0 1 
0 20 11 0 1 1 1 1 1 0 1 1 1 0 2 0 0 0 0 0 0 1 0 
1 6 17 1 0 1 0 0 1 2 0 1 1 0 1 0 0 1 0 0 2 0 1 
0 20 0 2 0 1 1 1 1 1 0 0 0 1 0 0 0 0 1 1 0 0 1 
0 20 17 1 0 1 0 1 1 1 1 1 0 1 0 0 1 1 0 0 2 0 0 
0 11 20 0 1 0 0 0 1 1 0 0 1 0 2 1 0 0 0 1 1 1 0 
0 20 13 0 1 1 0 1 1 0 0 1 1 1 0 0 2 1 0 0 0 1 0 
0 15 20 0 0 1 0 1 0 1 1 0 1 0 1 1 1 0 2 0 1 0 0 
1 7 8 1 0 1 1 1 0 0 2 2 0 0 0 1 0 0 1 0 0 1 0 
0 13 20 0 1 1 0 0 0 1 1 0 1 0 1 0 2 0 1 0 1 0 1 
1 5 2 1 0 2 0 0 2 1 1 1 1 0 0 1 0 0 0 0 0 1 0 
1 1 4 0 2 1 0 2 1 1 0 0 1 0 1 1 0 0 1 0 1 1 0 
0 15 20 0 0 1 1 1 0 1 0 0 0 0 1 0 0 0 2 1 0 1 1 
1 7 14 0 0 1 0 1 0 0 2 1 0 1 1 0 0 2 0 1 1 0 0 
1 6 10 1 0 0 0 0 0 2 0 0 1 2 1 0 0 0 1 0 0 1 1 
0 14 20 1 0 1 0 1 0 0 0 1 1 1 0 0 0 2 0 0 0 1 0 
1 11 14 1 1 1 0 1 1 0 1 1 0 1 2 1 0 2 1 1 0 1 0 
1 20 20 0 0 0 1 0 0 1 0 1 1 1 1 1 0 1 1 1 0 1 0 
0 20 4 1 0 0 0 2 0 1 1 1 0 1 1 1 1 0 1 1 0 0 0 
0 20 14 1 1 0 0 1 1 1 0 1 0 1 0 0 0 2 0 1 0 1 0 
1 6 12 1 1 0 1 1 0 2 0 1 0 1 1 2 0 1 0 0 0 1 1 
0 3 20 0 1 1 2 1 0 1 0 0 1 1 0 0 0 0 0 1 1 0 0 
0 20 10 1 1 1 1 0 0 1 0 0 0 2 1 1 1 1 1 0 1 0 1 
1 0 5 2 1 1 0 0 2 1 1 1 0 0 0 1 1 0 1 1 0 1 0 
1 9 10 0 0 0 1 1 0 1 0 1 2 2 1 1 1 1 0 0 1 0 1 
1 14 11 0 1 0 0 1 0 0 1 1 1 1 2 0 1 2 1 1 1 1 0 
0 20 12 0 0 1 0 1 1 0 0 1 0 1 0 2 0 1 1 1 1 0 0 
1 14 6 0 0 1 0 0 0 2 0 0 0 0 1 0 0 2 0 0 1 0 1 
0 20 16 1 0 1 1 0 0 1 1 1 1 0 1 0 1 0 0 2 1 0 1 
1 11 8 0 0 1 0 1 1 1 0 2 1 1 2 1 1 1 0 0 1 0 0 
1 8 5 1 1 1 0 1 2 1 1 2 0 0 1 0 1 0 1 0 1 0 1 
1 13 2 0 1 2 0 1 1 0 1 1 1 0 1 0 2 0 0 0 0 0 1 
1 8 1 1 2 1 1 1 0 1 0 2 1 0 1 1 1 1 0 0 0 1 0 
0 9 20 0 1 0 0 1 0 0 0 1 2 0 1 1 0 0 1 1 0 0 1 
0 20 9 1 0 0 1 0 0 0 0 0 2 1 0 1 0 0 0 1 1 1 1 
1 13 0 2 0 1 0 1 1 0 0 0 0 1 1 1 2 0 1 1 1 1 1 
1 15 8 1 1 1 0 1 0 1 1 2 0 0 1 1 1 0 2 0 1 1 1 
1 17 11 1 1 0 1 1 1 0 1 0 1 0 2 1 0 0 1 0 2 0 0 
0 20 1 0 2 0 0 0 0 0 0 0 0 0 0 1 1 0 0 1 1 0 0 
0 6 20 0 1 1 1 0 0 2 0 1 0 0 1 1 0 1 1 1 1 0 0 
0 20 19 0 1 1 0 0 0 0 1 0 0 1 1 1 1 1 0 0 1 0 2 
1 13 14 1 1 0 1 1 0 1 0 0 0 1 1 0 2 2 1 1 1 0 0 
0 20 16 1 1 0 1 0 1 0 0 0 1 0 0 1 1 1 1 2 1 0 0 
0 10 20 0 0 0 0 1 0 0 1 0 1 2 1 0 0 0 0 0 1 0 1 
0 20 17 0 0 1 0 0 0 0 0 0 0 1 1 0 0 1 0 0 2 1 0 
1 8 15 0 1 1 1 0 1 0 1 2 0 1 1 1 0 0 2 1 0 0 1 
0 20 2 1 0 2 1 0 1 0 0 0 1 1 0 0 1 1 0 0 0 1 0 
1 13 7 0 0 1 0 1 1 1 2 1 1 1 0 1 2 0 1 0 0 0 1 
0 6 20 0 1 1 1 1 1 2 0 0 1 1 0 0 0 1 0 0 1 0 1 
1 5 17 0 1 0 0 1 2 0 1 0 1 0 0 0 1 1 0 1 2 0 1 
1 5 12 1 0 0 1 0 2 1 1 0 0 1 0 2 1 1 0 1 1 0 0 
0 6 20 1 0 0 0 1 1 2 1 1 0 0 0 0 0 1 0 1 1 0 0 
1 12 0 2 0 0 0 1 1 0 0 0 0 0 1 2 0 0 0 0 0 0 1 
0 20 19 1 1 0 0 0 1 0 1 0 1 0 1 1 0 0 1 1 0 1 2 
0 5 20 1 1 1 0 1 2 0 0 1 0 1 1 0 0 0 0 0 0 1 0 
0 20 18 0 0 1 1 1 1 0 0 1 0 0 1 1 0 1 1 0 0 2 0 
0 12 20 0 0 1 1 0 0 1 1 1 1 1 0 2 0 0 1 0 0 1 0 
1 20 20 0 1 0 1 0 1 1 0 1 0 0 0 1 1 1 1 1 0 0 1 
1 16 13 1 0 0 1 0 0 1 0 1 1 1 1 0 2 1 0 2 1 0 0 
0 20 19 1 0 1 0 0 0 0 1 0 0 1 0 1 0 1 0 0 0 0 2 
1 7 13 1 0 1 1 0 0 1 2 0 0 0 0 0 2 0 0 1 1 1 0 
1 6 13 0 0 1 1 0 0 2 0 0 1 1 0 0 2 0 0 1 1 0 0 
0 20 15 1 0 1 0 0 0 0 0 1 0 0 1 0 1 1 2 1 0 1 0 
0 20 3 0 1 1 2 0 1 1 0 0 1 1 1 0 1 1 1 0 0 1 0 
1 17 10 1 1 1 1 0 0 1 1 0 1 2 1 0 1 1 0 1 2 1 1 
0 7 20 0 0 0 1 1 0 1 2 0 0 0 0 1 1 0 1 1 1 0 0 
0 18 20 0 0 0 0 1 1 1 0 1 1 0 1 0 0 0 1 0 1 2 1 
1 5 8 0 1 1 0 0 2 0 0 2 1 1 1 0 1 0 1 0 1 0 0 
0 20 8 1 1 0 0 1 0 1 0 2 0 1 1 1 1 1 1 1 0 1 1 
1 20 20 1 1 1 1 1 1 0 1 0 0 1 0 1 0 0 1 0 0 1 1 
0 20 19 1 1 0 0 0 0 0 0 1 0 0 0 1 1 1 1 0 1 1 2 
1 14 2 1 1 2 0 1 1 1 1 1 0 0 1 1 1 2 1 0 0 0 1 
0 20 4 1 0 1 0 2 0 0 0 1 0 0 1 0 1 0 1 1 1 1 0 
0 1 20 1 2 0 0 1 1 0 1 0 1 0 0 0 0 1 1 1 1 0 0 
0 16 20 0 0 0 1 1 1 0 1 0 1 0 1 0 1 1 0 2 0 0 0 
1 10 17 1 1 1 1 0 1 0 1 1 1 2 0 1 1 1 1 0 2 1 1 
0 7 20 0 1 1 1 1 0 0 2 1 1 0 1 1 0 0 1 0 1 1 1 
1 3 13 1 0 1 2 0 1 0 1 1 1 0 0 1 2 0 1 1 1 1 0 
0 10 20 1 0 0 0 1 0 0 0 1 1 2 0 1 1 1 0 0 0 0 0 
0 20 0 2 0 0 0 0 0 0 0 0 0 1 0 1 0 1 0 1 0 0 1 
1 2 9 1 1 2 1 1 0 0 0 0 2 1 0 1 0 1 0 1 1 0 1 
1 1 6 1 2 1 1 0 1 2 0 0 1 0 1 1 0 1 1 0 1 0 0 
1 5 1 1 2 0 1 0 2 1 0 1 0 1 0 1 0 1 0 0 0 1 0 
1 18 1 0 2 1 1 1 1 1 0 0 1 1 1 1 1 0 0 1 1 2 0 
1 10 4 1 1 0 0 2 0 1 1 0 1 2 1 0 0 1 1 0 0 1 1 
0 20 2 0 0 2 1 1 1 0 0 1 0 0 1 0 0 0 1 0 0 1 1 
1 11 19 1 0 1 1 1 1 1 0 0 1 0 2 1 1 0 1 0 0 1 2 
0 15 20 0 0 1 0 1 0 0 0 0 0 1 0 0 0 1 2 1 1 1 0 
1 17 2 0 0 2 1 0 0 1 0 1 0 0 0 1 1 1 1 0 2 0 0 
0 20 0 2 1 1 1 1 1 0 1 1 1 0 0 1 0 1 0 0 0 1 0 
0 20 14 0 0 1 1 0 0 1 1 1 1 0 0 0 1 2 1 1 1 1 1 
1 13 4 0 0 0 1 2 0 1 1 1 1 1 0 0 2 1 0 1 0 0 1 
0 20 2 0 0 2 1 0 1 0 1 1 0 1 1 0 0 1 0 0 0 0 1 
0 1 20 1 2 1 0 1 1 0 1 0 0 0 1 1 1 1 1 0 0 0 1 
1 18 7 1 1 0 0 1 1 1 2 1 0 1 0 1 1 1 0 1 0 2 0 
1 17 4 0 0 1 0 2 0 0 1 0 0 1 0 1 0 0 1 0 2 0 1 
1 11 2 1 0 2 1 0 1 1 1 0 1 0 2 1 0 0 0 1 1 0 0 
1 20 20 1 1 0 0 0 1 0 0 0 1 0 0 1 0 1 0 1 0 1 1 
1 12 14 1 1 1 0 0 0 0 0 0 0 0 0 2 0 2 0 1 1 0 0 
1 17 2 1 0 2 1 0 0 0 0 1 1 1 0 1 1 1 0 0 2 0 1 
0 20 15 1 1 0 1 0 0 0 0 1 1 0 1 0 1 1 2 1 0 0 0 
1 11 12 0 0 0 1 0 1 1 0 0 1 0 2 2 0 1 0 0 1 1 0 
1 17 12 0 0 0 0 0 0 1 0 0 1 0 0 2 1 1 0 0 2 0 1 
1 18 2 1 1 2 1 0 0 0 0 0 0 0 1 1 1 1 0 0 1 2 1 
0 15 20 0 0 1 0 1 1 1 0 0 0 0 0 0 0 1 2 1 1 0 0 
0 5 20 1 1 0 1 1 2 0 1 0 0 1 1 0 0 1 0 0 1 0 1 
1 14 5 1 0 0 1 0 2 0 1 0 1 0 0 1 0 2 0 1 0 0 0 
0 7 20 0 0 0 1 0 1 1 2 1 1 0 1 0 1 1 1 0 1 1 0 
1 18 8 1 0 0 1 1 0 0 0 2 1 0 0 1 0 1 0 1 1 2 1 
0 20 2 1 1 2 0 0 1 1 1 1 1 1 0 1 1 1 0 1 1 0 0 
1 20 20 0 0 1 1 1 1 1 0 0 0 1 0 1 0 1 0 1 0 0 1 
0 16 20 0 1 0 1 0 0 0 0 0 1 1 0 0 1 0 1 2 1 0 1 
1 5 3 1 0 1 2 1 2 0 0 1 1 0 1 1 0 1 0 1 0 0 0 
0 16 20 0 0 0 0 0 1 1 0 1 0 1 1 1 0 1 0 2 1 0 1 
1 5 8 1 1 0 1 1 2 1 0 2 0 1 1 0 0 0 1 1 0 1 0 
0 1 20 1 2 0 1 0 0 0 1 0 0 0 0 1 0 1 1 1 0 0 0 
1 13 5 1 1 1 1 1 2 0 1 0 1 1 0 1 2 1 0 0 0 1 1 
1 20 20 0 1 0 1 0 0 1 0 1 1 1 1 0 1 1 0 1 0 0 1 
1 19 2 1 0 2 0 1 0 0 1 0 1 1 1 0 0 0 1 0 0 1 2 
1 12 6 1 1 1 1 0 0 2 1 1 0 0 0 2 1 0 1 1 0 1 0 
0 20 6 0 1 0 1 1 0 2 1 0 0 0 0 0 0 1 0 1 0 0 0 
0 20 6 1 1 0 0 1 1 2 0 1 1 0 0 1 1 1 0 0 1 0 0 
1 10 4 1 1 0 0 2 0 1 0 1 0 2 0 0 1 1 0 1 1 1 0 
0 14 20 1 0 0 0 1 1 0 1 0 1 1 1 0 1 2 1 1 0 0 0 
0 20 9 1 0 0 0 1 0 0 0 1 2 1 1 0 0 0 1 1 0 0 1 
1 12 14 1 0 1 1 0 0 1 1 0 0 0 0 2 0 2 1 1 0 0 1 
1 14 7 0 1 0 1 1 0 0 2 1 1 0 0 0 1 2 0 0 1 1 1 
1 6 15 0 0 1 0 0 1 2 0 0 0 0 0 0 0 0 2 0 1 0 0 
1 17 14 0 1 1 1 0 0 0 0 0 1 1 1 1 1 2 0 0 2 1 1 
1 4 17 1 1 1 1 2 1 0 0 0 0 1 1 1 0 0 0 1 2 0 1 
0 20 16 0 0 0 0 0 0 0 1 0 0 1 0 1 0 0 1 2 1 1 0 
0 4 20 0 0 0 0 2 0 1 0 0 1 0 0 0 0 1 1 1 1 1 0 
0 20 9 0 0 0 0 1 1 0 1 1 2 0 1 0 0 1 0 0 0 0 1 
0 11 20 1 1 0 0 1 0 1 0 1 0 1 2 0 0 1 1 0 0 0 0 
1 10 4 0 1 1 1 2 1 1 0 0 1 2 0 0 0 1 0 1 0 1 0 
1 13 11 0 0 0 0 1 1 0 0 0 0 0 2 0 2 0 1 0 1 0 1 
0 20 5 1 1 1 0 0 2 1 1 0 1 1 1 0 0 0 0 0 0 1 0 
0 11 20 0 1 1 0 0 0 1 0 0 1 1 2 0 0 0 0 1 0 0 0 
1 13 16 0 0 1 0 0 0 1 1 1 0 0 0 1 2 1 0 2 1 0 1 
0 15 20 0 0 0 0 0 0 0 0 0 1 1 1 0 0 0 2 1 0 0 1 
0 20 2 0 0 2 0 1 0 0 1 1 0 1 0 1 1 0 0 0 1 1 1 
0 20 12 1 0 0 0 0 1 0 1 0 1 1 0 2 0 1 0 1 0 0 0 
0 4 20 0 1 0 0 2 0 0 0 1 1 0 1 1 1 0 1 0 1 1 1 
0 20 16 1 0 0 1 0 1 1 0 1 1 0 1 1 0 0 0 2 1 1 0 
0 5 20 1 0 1 0 0 2 1 0 1 1 0 0 0 1 0 0 0 0 1 0 
1 7 10 1 1 1 1 1 1 0 2 1 1 2 0 0 1 0 0 1 1 1 0 
1 4 14 1 1 1 0 2 0 1 0 1 1 1 1 1 1 2 0 0 1 0 1 
1 8 11 1 1 1 1 1 0 1 1 2 1 0 2 1 0 1 0 1 1 0 1 
1 17 9 0 1 1 1 1 1 0 1 0 2 0 0 1 1 0 0 1 2 1 1 
0 11 20 0 1 0 0 1 0 0 1 0 1 1 2 1 1 0 0 0 1 1 0 
1 13 18 1 0 1 0 0 1 1 1 1 0 0 1 1 2 1 0 1 0 2 0 
0 20 7 0 1 1 1 1 0 0 2 0 0 1 0 0 1 0 1 1 1 1 0 
1 6 1 1 2 1 1 1 0 2 0 1 1 0 0 0 0 0 1 0 1 0 1 
1 18 14 0 0 0 0 1 1 0 0 0 0 1 1 0 0 2 1 1 0 2 0 
1 17 4 0 1 1 1 2 1 1 0 1 0 1 0 1 0 0 0 1 2 0 1 
1 13 4 1 1 0 1 2 0 0 0 1 1 0 1 1 2 0 1 1 1 0 0 
1 14 6 1 1 1 1 1 1 2 1 1 1 0 1 0 1 2 0 1 0 0 1 
0 16 20 1 0 1 1 1 0 0 1 0 0 1 0 1 1 1 0 2 1 1 1 
1 4 10 0 1 0 1 2 0 1 1 1 0 2 1 0 1 1 1 1 1 1 0 
0 20 2 1 1 2 1 0 0 0 1 0 1 1 0 0 1 1 1 0 0 1 1 
0 12 20 0 1 1 0 1 0 1 1 1 1 1 1 2 1 0 1 1 1 1 1 
1 3 14 0 1 1 2 1 0 0 1 0 0 1 1 1 0 2 0 1 1 0 1 
1 5 4 1 0 1 0 2 2 1 0 1 1 1 0 0 0 0 1 0 1 1 0 
1 15 11 1 0 0 1 0 0 0 1 0 0 0 2 1 1 0 2 0 1 0 0 
1 12 1 0 2 0 1 0 1 0 1 0 0 0 0 2 1 1 0 0 0 0 0 
1 17 4 0 0 1 1 2 0 0 1 1 1 1 0 1 1 1 1 0 2 0 0 
1 12 7 1 1 0 1 1 1 0 2 1 0 0 1 2 0 0 0 1 1 0 1 
0 20 4 0 1 0 1 2 0 1 0 1 0 1 1 1 1 0 1 0 0 0 0 
0 18 20 1 0 0 0 1 0 0 1 1 0 0 0 1 1 1 1 1 0 2 1 
0 20 17 0 0 1 1 1 1 0 0 1 1 1 0 0 1 0 1 1 2 0 0 
1 8 0 2 1 0 1 0 0 0 1 2 1 0 0 0 0 1 0 1 0 0 1 
1 12 16 1 1 0 1 0 0 0 0 1 0 1 0 2 1 0 0 2 0 0 1 
0 20 2 0 1 2 0 0 1 0 0 0 0 0 1 1 0 0 1 0 1 1 0 
1 5 2 0 1 2 0 1 2 0 1 1 1 1 1 1 0 1 1 1 0 0 0 
1 9 15 0 0 1 0 0 1 1 0 0 2 0 1 0 1 0 2 1 1 1 1 
0 20 12 1 0 0 0 0 1 0 0 1 0 1 1 2 0 1 0 0 1 1 1 
1 1 19 1 2 1 1 1 0 1 1 1 0 0 0 0 1 1 1 0 1 0 2 
1 12 7 1 1 1 0 0 1 1 2 1 0 0 0 2 1 0 0 1 1 0 0 
0 19 20 1 0 0 1 1 0 1 1 1 1 1 0 1 1 1 0 1 0 1 2 
1 20 20 0 0 0 1 0 1 1 1 1 0 0 0 1 0 0 1 1 0 0 0 
1 15 5 1 1 1 0 0 2 0 0 1 0 0 0 0 0 0 2 0 1 0 0 
0 20 18 0 1 0 0 0 0 1 0 0 1 0 0 1 1 0 1 1 1 2 0 
